timer	pos	dir	vel	steering	steering_input	brake	brake_input	throttle	throttle_input	wheelspeed	vel_kmh	is_oob	oob_counter	max_oob_percentage	oob_distance
0	(2.0239598751068115, 2.480642318725586, -28)	(0.009620939381420612, 0.9999536871910095, 0)	(0, 0, 0)	0	None	0	None	0	None	0	0	False	0	nan	1.9979954041038714
0.20000000298023224	(2.023715019226074, 2.482567548751831, -27.969755172729492)	(0.008668243885040283, 0.9999468922615051, -0.005564402788877487)	(-0.02414255030453205, 0.10265825688838959, 0.15360617637634277)	-52.35003435082926	0.12276538616739105	0	0	0.9837402508074733	0.9837402508074733	0.07063284034320017	1	False	0	nan	1.9977287872068825
0.4385000169277191	(2.024815559387207, 2.60672664642334, -27.85525894165039)	(0.008603391237556934, 0.9999467134475708, -0.0057100472040474415)	(0.050689660012722015, 0.8494439125061035, 0.8903533220291138)	-63.59736219048487	0.12470071017742157	0	0	0.9828497328812467	0.9828497328812467	2.7185233932886765	4	False	0	nan	1.997423200585592
0.6735000275075436	(2.036851406097412, 2.8332595825195312, -27.74076271057129)	(0.016396183520555496, 0.9998612999916077, -0.002916383557021618)	(0.02381576970219612, 1.316130518913269, 0.002568857278674841)	-60.222664475514044	0.118083655834198	0	0	0.9604562502248307	0.9604562502248307	3.7504191444464876	5	False	0	nan	1.9934548329808917
0.9102500416338444	(2.062582492828369, 3.315054416656494, -27.75849723815918)	(0.0244702510535717, 0.9995560050010681, 0.01700192503631115)	(0.16422389447689056, 2.850231409072876, -0.10394445806741714)	-52.6863920688626	0.10330665111541748	0	0	0.9493277358353174	0.9493277358353174	3.4626785591174336	10	False	0	nan	1.9739210568033954
1.1470000557601452	(2.1143620014190674, 4.178171634674072, -27.760543823242188)	(0.0391930490732193, 0.9990200996398926, 0.02056332305073738)	(0.2848055064678192, 4.523995876312256, 0.01736145094037056)	-42.04360395669933	0.08243843913078308	0	0	0.8332039037536801	0.8332039037536801	6.23317530163971	16	False	0	nan	1.9336097796458087
1.383250068873167	(2.1959595680236816, 5.421866416931152, -27.759248733520508)	(0.05794082581996918, 0.9981164932250977, 0.020156994462013245)	(0.48683369159698486, 6.087844371795654, -0.027968892827630043)	-29.070839770156745	0.05700164660811424	0	0	0.5871508122839637	0.5871508122839637	6.465715043124756	22	False	0	nan	1.8699982910267712
1.617500077933073	(2.3118183612823486, 6.980935096740723, -27.762554168701172)	(0.0700501874089241, 0.997475266456604, 0.011660400778055191)	(0.5528637170791626, 7.011537075042725, -0.03183664381504059)	-14.761381410062622	0.02894388511776924	0	0	0.2247622515142894	0.2247622515142894	7.149663057539335	25	False	0	nan	1.7788358498662142
1.8520000874996185	(2.4358699321746826, 8.608323097229004, -27.77057647705078)	(0.07448619604110718, 0.9972084760665894, -0.005203483160585165)	(0.5051453113555908, 6.744746685028076, -0.01601928286254406)	-1.158358461688847	0.0022712911013513803	0	0	0	0	6.748562473397137	24	False	0	nan	1.6825952146116712
2.0877500995993614	(2.5543625354766846, 10.19676685333252, -27.77004623413086)	(0.0743531808257103, 0.9971943497657776, -0.008667833171784878)	(0.5015988945960999, 6.7866668701171875, 0.006080399267375469)	0.806200720835299	-0.0015807857271283865	0	0	0.07839750111648491	0.07839750111648491	6.785710123906011	24	False	0	nan	1.592920730216918
2.3235001116991043	(2.665001392364502, 11.801419258117676, -27.7701473236084)	(0.06990565359592438, 0.9975202679634094, -0.008150354027748108)	(0.45442095398902893, 6.843795299530029, 0.009391826577484608)	13.425356000661898	-0.026324227452278137	0	0	0.07770703504904075	0.07770703504904075	6.814203415251673	25	False	0	nan	1.5127577531621323
2.5600001253187656	(2.7534372806549072, 13.382251739501953, -27.77239227294922)	(0.05885683372616768, 0.998191773891449, -0.01221044734120369)	(0.3113059997558594, 6.518075466156006, 0.0014673445839434862)	21.84600055216054	-0.0428352952003479	0	0	0	0	6.3764396604257065	23	False	0	nan	1.4554736535966806
2.7952501364052296	(2.8180322647094727, 14.939303398132324, -27.769657135009766)	(0.04593072086572647, 0.9989191293716431, -0.007134442683309317)	(0.2373587042093277, 6.816354274749756, 0.009339787065982819)	22.754503302276312	-0.04461667314171791	0	0	0.15160935247776508	0.15160935247776508	6.804208165992927	25	False	0	nan	1.4221802964490222
3.030250146985054	(2.8657708168029785, 16.512662887573242, -27.771821975708008)	(0.034221500158309937, 0.9993515610694885, -0.011200007982552052)	(0.1968378871679306, 6.514975547790527, -0.022691786289215088)	16.209578700363554	-0.031783487647771835	0	0	0	0	6.428906797504795	23	False	0	nan	1.406396470376302
3.2657501585781574	(2.898918390274048, 18.074203491210938, -27.76909828186035)	(0.024556122720241547, 0.9996742010116577, -0.0069558946415781975)	(0.12247852981090546, 6.815913200378418, -0.0028433825355023146)	17.198217250406774	-0.03372199460864067	0	0	0.15246282707961478	0.15246282707961478	6.880974593414132	25	False	0	nan	1.4049874427828222
3.50175017118454	(2.9231724739074707, 19.661088943481445, -27.77120590209961)	(0.018039366230368614, 0.9997724890708923, -0.011381173506379128)	(0.10673857480287552, 6.513248920440674, -0.015483244322240353)	7.229740954935599	-0.014175962656736374	0	0	0	0	6.518957604498984	23	False	0	nan	1.4127081699770905
3.7390001863241196	(2.9454078674316406, 21.23409080505371, -27.768505096435547)	(0.015270188450813293, 0.9998583197593689, -0.007092929910868406)	(0.07236196100711823, 6.82319450378418, -0.002973525319248438)	3.44394329935453	-0.006752829998731613	0	0	0.1535543992870082	0.1535543992870082	6.936626461541314	25	False	0	nan	1.4214728981603297
3.974500197917223	(2.972052574157715, 22.816131591796875, -27.77071762084961)	(0.017086045816540718, 0.999789834022522, -0.011330213397741318)	(0.11410645395517349, 6.518903732299805, -0.0029087038710713387)	-6.223433353006769	0.012202810496091843	0	0	0	0	6.480892739702394	23	False	0	nan	1.4250349707966383
4.210250210016966	(3.012174129486084, 24.3796443939209, -27.767906188964844)	(0.023824388161301613, 0.9996899366378784, -0.007237887009978294)	(0.18659910559654236, 6.811687469482422, -0.008619292639195919)	-14.138465635478257	0.02772248163819313	0	0	0.15283146401182002	0.15283146401182002	6.904626111108911	25	False	0	nan	1.413314486017541
4.445000220090151	(3.073530912399292, 25.958696365356445, -27.770347595214844)	(0.035530176013708115, 0.9993030428886414, -0.011449817568063736)	(0.283243328332901, 6.501762390136719, 0.012018793262541294)	-21.696248687803855	0.042541664093732834	0	0	0	0	6.54621171240065	23	False	0	nan	1.3988904043698054
4.679750230163336	(3.1645376682281494, 27.50849151611328, -27.767311096191406)	(0.053533926606178284, 0.9985382556915283, -0.007441263180226088)	(0.47508883476257324, 6.760064125061035, -0.003575587645173073)	-38.01701322197933	0.07454316318035126	0	0	0.14804331682306748	0.14804331682306748	6.942366782352907	24	False	0	nan	1.4110392645311518
4.915250241756439	(3.29365611076355, 29.115921020507812, -27.76828956604004)	(0.07408017665147781, 0.9972233772277832, -0.007603507488965988)	(0.5973443388938904, 6.814713954925537, 0.02070196345448494)	-28.946784026920703	0.05675840005278587	0	0	0.07517848402344796	0.07517848402344796	6.892396575391723	25	False	0	nan	1.4434935655109533
5.151500254869461	(3.443739652633667, 30.693668365478516, -27.770742416381836)	(0.0902872309088707, 0.9958423376083374, -0.012092441320419312)	(0.6514357924461365, 6.503912925720215, -0.012718627229332924)	-22.510841377079238	0.04413890466094017	0	0	0	0	6.450779724333091	24	False	0	nan	1.484386215317258
5.388500269502401	(3.6085498332977295, 32.2301139831543, -27.769325256347656)	(0.10283654183149338, 0.994646430015564, -0.010147109627723694)	(0.7195554971694946, 6.524787425994873, -0.0017236042767763138)	-19.54518411315737	0.038323890417814255	0	0	0.0769312794232434	0.0769312794232434	6.586597353846448	24	False	0	nan	1.5245015822561399
5.625000283122063	(3.7890329360961914, 33.76663589477539, -27.768783569335938)	(0.11329197883605957, 0.9935252070426941, -0.008524613454937935)	(0.7765735387802124, 6.532270908355713, -0.004305398091673851)	-15.769980289041658	0.030921529978513718	0	0	0.07744385898378792	0.07744385898378792	6.679185316731376	24	False	0	nan	1.5567228428202624
5.859750293195248	(3.9756267070770264, 35.30613327026367, -27.76887321472168)	(0.11842595040798187, 0.9929293990135193, -0.008155266754329205)	(0.7899826765060425, 6.595734596252441, 0.0019912670832127333)	-3.64876370877011	0.007154438644647598	0	0	0.07834881400768001	0.07834881400768001	6.739078373125748	24	False	0	nan	1.580450623034488
6.093000300228596	(4.15460205078125, 36.85106658935547, -27.769224166870117)	(0.1157093346118927, 0.9932492971420288, -0.008185735903680325)	(0.7331293225288391, 6.654196262359619, -0.009719246998429298)	10.17433974891883	-0.019949685782194138	0	0	0.07800201003719176	0.07800201003719176	6.793495020183332	24	False	0	nan	1.5991788805435636
6.326250307261944	(4.31571626663208, 38.407405853271484, -27.769655227661133)	(0.10598491877317429, 0.9943325519561768, -0.008352137170732021)	(0.6303380131721497, 6.708019256591797, -0.008614394813776016)	22.17026945203554	-0.043471116572618484	0	0	0.07651026202392985	0.07651026202392985	6.840219459240952	24	False	0	nan	1.6129174064520122
6.5582503117620945	(4.443822860717773, 39.96792984008789, -27.77069854736328)	(0.08753446489572525, 0.9961227774620056, -0.008778165094554424)	(0.46070659160614014, 6.744372367858887, 0.00309939356520772)	41.11602053046244	-0.08061964809894562	0	0	0.0719004723404022	0.0719004723404022	6.787446591272987	24	False	0	nan	1.6237399465093874
6.790500316768885	(4.523224830627441, 41.53634262084961, -27.771377563476562)	(0.059389419853687286, 0.9981939196586609, -0.009038196876645088)	(0.24434198439121246, 6.753997802734375, 0.007859394885599613)	51.851364076137585	-0.10166934132575989	0	0	0.06806334503438616	0.06806334503438616	6.776837142096419	24	False	0	nan	1.6307253349311164
7.022250324487686	(4.5387420654296875, 43.097042083740234, -27.77286148071289)	(0.021664991974830627, 0.9997190833091736, -0.009608367457985878)	(-0.10883690416812897, 6.714786052703857, -0.013001900166273117)	76.00965455174428	-0.14903853833675385	0	0	0.05618751409044398	0.05618751409044398	6.808224480595012	24	False	0	nan	1.6371479339604509
7.254750330001116	(4.467881202697754, 44.64426040649414, -27.774059295654297)	(-0.029460908845067024, 0.9995043873786926, -0.011081366799771786)	(-0.49475938081741333, 6.5660858154296875, -0.015716910362243652)	97.06871733069411	-0.19033081829547882	0	0	0.04217417960697345	0.04217417960697345	6.3958714918621915	24	False	0	nan	1.6514133040669587
7.489250339567661	(4.298914432525635, 46.1619758605957, -27.77463150024414)	(-0.09036732465028763, 0.9958416223526001, -0.011541087180376053)	(-0.9262234568595886, 6.364861011505127, -0.0031045181676745415)	107.64410465955719	-0.21106687188148499	0	0	0.03385077559416483	0.03385077559416483	6.242614287548811	23	False	0	nan	1.6719910724491058
7.723000347614288	(4.027933120727539, 47.647666931152344, -27.773950576782227)	(-0.15588587522506714, 0.987739086151123, -0.008439025841653347)	(-1.4186387062072754, 6.411491394042969, 0.008749930188059807)	120.79898357391376	-0.2368607521057129	0	0	0.09749698411191599	0.09749698411191599	6.481987363569579	24	False	0	nan	1.6891758189207773
7.956250354647636	(3.645500898361206, 49.096744537353516, -27.77631187438965)	(-0.22912652790546417, 0.9733226299285889, -0.011998928152024746)	(-1.8290013074874878, 6.002958297729492, -0.009652730077505112)	134.10903096199024	-0.2629588842391968	0	0	0.009252625199676734	0.009252625199676734	5.9968391448399885	23	False	0	nan	1.698618617101482
8.189750362187624	(3.154378890991211, 50.46576690673828, -27.775938034057617)	(-0.30720633268356323, 0.9515752792358398, -0.011341677978634834)	(-2.383709192276001, 5.764533519744873, 0.015014461241662502)	154.2447584867478	-0.30244070291519165	0	0	0.062129621220164744	0.062129621220164744	6.4058430055079425	22	False	0	nan	1.7010589014236375
8.422750368714333	(2.5337469577789307, 51.81549072265625, -27.773937225341797)	(-0.3866225779056549, 0.9222176671028137, -0.006124396342784166)	(-2.995746612548828, 5.833695888519287, -0.008113197050988674)	144.73810940980903	-0.2838002145290375	0	0	0.14505743823327233	0.14505743823327233	6.46012224822671	24	False	0	nan	1.6994233411802915
8.65625037625432	(1.802527666091919, 53.144657135009766, -27.774755477905273)	(-0.4564429819583893, 0.8897032141685486, -0.009387382306158543)	(-3.2421717643737793, 5.463101863861084, 0.003817878197878599)	117.3343218863012	-0.23006729781627655	0	0	0.025469038475516736	0.025469038475516736	6.220956741041228	23	False	0	nan	1.6962513431110087
8.890500385314226	(1.0045831203460693, 54.422576904296875, -27.772430419921875)	(-0.5093131065368652, 0.8605518341064453, -0.007117934990674257)	(-3.6001083850860596, 5.47004508972168, -0.0073736365884542465)	93.6984121799469	-0.1837223768234253	0	0	0.11984608825435128	0.11984608825435128	6.504671040842779	24	False	0	nan	1.6862515022260838
9.123500391840935	(0.13726158440113068, 55.67497253417969, -27.772912979125977)	(-0.5535640716552734, 0.8327628970146179, -0.008538606576621532)	(-3.7961361408233643, 5.208231449127197, -0.012579550966620445)	84.31978583335889	-0.16533291339874268	0	0	0.05106502774708388	0.05106502774708388	6.468249800259628	23	False	0	nan	1.6684218615656028
9.356000397354364	(-0.7904074192047119, 56.89116287231445, -27.77140235900879)	(-0.5927074551582336, 0.8053924441337585, -0.006397920660674572)	(-4.215097904205322, 5.234436511993408, 0.006109862122684717)	79.18440699577323	-0.15526354312896729	0	0	0.12949323217503927	0.12949323217503927	6.840176659659422	24	False	0	nan	1.6477569279242887
9.586500409990549	(-1.7894374132156372, 58.07535171508789, -27.772903442382812)	(-0.6319034099578857, 0.7749999165534973, -0.00855221040546894)	(-4.417479038238525, 4.9502644538879395, -0.014050108380615711)	85.17443597316746	-0.16700869798660278	0	0	0.050508094796819725	0.050508094796819725	6.621637278230347	24	False	0	nan	1.6348666199597117
9.819250416010618	(-2.8398265838623047, 59.20629119873047, -27.772567749023438)	(-0.6684799790382385, 0.7436663508415222, -0.009742778725922108)	(-4.606875896453857, 4.721630573272705, -0.0024672169238328934)	76.75013601779918	-0.15049046277999878	0	0	0.05575262061226183	0.05575262061226183	6.605496188195458	24	False	0	nan	1.6313867867692773
10.052500423043966	(-3.925845146179199, 60.28828430175781, -27.77205467224121)	(-0.6982743740081787, 0.715767502784729, -0.009465733543038368)	(-4.733097076416016, 4.516946792602539, 0.004046899266541004)	63.606724888086475	-0.12471906840801239	0	0	0.06284515397543755	0.06284515397543755	6.641912970987898	24	False	0	nan	1.6266258795167698
10.286500431597233	(-5.047166347503662, 61.33024215698242, -27.771921157836914)	(-0.7238447070121765, 0.6898995041847229, -0.009361790493130684)	(-4.867390155792236, 4.359340190887451, 0.011962346732616425)	60.35613231360904	-0.11834535747766495	0	0	0.06439437636348377	0.06439437636348377	6.484426815772272	24	False	0	nan	1.6164631521378494
10.521250441670418	(-6.209434509277344, 62.32557678222656, -27.772708892822266)	(-0.7507028579711914, 0.6605708003044128, -0.009562347084283829)	(-5.026810646057129, 4.112854957580566, -0.025442009791731834)	74.0651392936706	-0.14522576332092285	0	0	0.057309477667855324	0.057309477667855324	6.545719541483344	23	False	0	nan	1.6101468427243235
10.753250449895859	(-7.416454315185547, 63.262577056884766, -27.771663665771484)	(-0.779814600944519, 0.6259742975234985, -0.006743462756276131)	(-5.4072651863098145, 4.004411697387695, 0.004276500083506107)	81.04420199987952	-0.15891019999980927	0	0	0.12834754833602058	0.12834754833602058	6.7484996652077065	24	False	0	nan	1.6184718984523958
10.9852504581213	(-8.692502975463867, 64.16663360595703, -27.771757125854492)	(-0.8069261312484741, 0.5906003713607788, -0.007831296883523464)	(-5.552751064300537, 3.756361246109009, -0.022322801873087883)	70.02521887423838	-0.13730435073375702	0	0	0.059547515269581464	0.059547515269581464	6.722639782655953	24	False	0	nan	1.6333050933459239
11.218250464648008	(-9.999229431152344, 65.01109313964844, -27.772634506225586)	(-0.8321198225021362, 0.5545113682746887, -0.00967766996473074)	(-5.659925937652588, 3.475511074066162, 0.007154947612434626)	75.10076612234107	-0.14725640416145325	0	0	0.05671555143343876	0.05671555143343876	6.588383569504474	24	False	0	nan	1.6474833389414305
11.453250475227833	(-11.346388816833496, 65.79353332519531, -27.772750854492188)	(-0.8568967580795288, 0.5153955221176147, -0.009764798916876316)	(-5.769132137298584, 3.15022349357605, -0.004803134128451347)	79.88905638456326	-0.15664520859718323	0	0	0.05386227862354498	0.05386227862354498	6.7176846058934885	24	False	0	nan	1.6626370655573681
11.689000487327576	(-12.716031074523926, 66.49700927734375, -27.77336311340332)	(-0.8817382454872131, 0.4716228246688843, -0.010466443374752998)	(-5.835737228393555, 2.78691029548645, 0.01440380048006773)	87.921392172575	-0.17239488661289215	0	0	0.048680003069728084	0.048680003069728084	6.4867519034804	23	False	0	nan	1.6800222347079343
11.926250502467155	(-14.140401840209961, 67.13892364501953, -27.77168083190918)	(-0.9044269919395447, 0.4265739321708679, -0.006822458002716303)	(-6.175455093383789, 2.577172040939331, 0.0014077895320951939)	83.85149896146392	-0.16441470384597778	0	0	0.12656780515923938	0.12656780515923938	6.7753817881328615	24	False	0	nan	1.6889791317772314
12.162000514566898	(-15.598883628845215, 67.69212341308594, -27.77574348449707)	(-0.9282470345497131, 0.3717923164367676, -0.011308624409139156)	(-6.138008117675781, 2.044825792312622, 0.004115280229598284)	126.36466378653411	-0.25405555963516235	0	0	0.01385577261846449	0.01385577261846449	6.443131459976814	23	False	0	nan	1.692504132848479
12.3987505286932	(-17.066980361938477, 68.09687805175781, -27.776660919189453)	(-0.9561429023742676, 0.29265955090522766, -0.011881903745234013)	(-6.269994258880615, 1.3851732015609741, -0.0019529542187228799)	163.64505879724769	-0.3208726644515991	0	0	0.050640733207731436	0.050640733207731436	6.390578760334334	23	False	0	nan	1.7253826884674055
12.634750541299582	(-18.54767608642578, 68.345458984375, -27.775978088378906)	(-0.9797050356864929, 0.200143963098526, -0.010979609563946724)	(-6.269485950469971, 0.735828697681427, 0.03166558966040611)	161.84149324895247	-0.3173362612724304	0	0	0.052897697281635736	0.052897697281635736	6.33799623739516	23	False	0	nan	1.7704978925280062
12.872000556439161	(-20.017261505126953, 68.43849182128906, -27.777915954589844)	(-0.9947987794876099, 0.10109411925077438, -0.01246745977550745)	(-6.092589378356934, 0.04843930900096893, 0.01067835371941328)	183.83950084447878	-0.36046960949897766	0	0	0.023661660627654513	0.023661660627654513	6.016167579882476	22	False	0	nan	1.7901366193500146
13.108000569045544	(-21.47809600830078, 68.39083862304688, -27.774158477783203)	(-0.9999451041221619, 0.007793264929205179, -0.007000600453466177)	(-6.349648475646973, -0.44106587767601013, -0.01373727060854435)	151.7497211694718	-0.29754847288131714	0	0	0.1370649062859961	0.1370649062859961	6.2931006561129275	23	False	0	nan	1.7736641111288853
13.344750583171844	(-22.98147201538086, 68.22132110595703, -27.774967193603516)	(-0.9968129396438599, -0.07939878851175308, -0.007733785547316074)	(-6.307344913482666, -0.9927937388420105, 0.002621342893689871)	146.6907030344157	-0.28762882947921753	0	0	0.07086965645241516	0.07086965645241516	6.242013943590843	23	False	0	nan	1.7202685015783732
13.57950059324503	(-24.463970184326172, 67.93392181396484, -27.77410125732422)	(-0.9870632886886597, -0.1601458191871643, -0.007708379533141851)	(-6.297111511230469, -1.4665031433105469, -0.005905241705477238)	133.3765366673469	-0.2615226209163666	0	0	0.08520591874903438	0.08520591874903438	6.348526627350346	23	False	0	nan	1.6571587231524303
13.814000602811575	(-25.942747116088867, 67.5356674194336, -27.773488998413086)	(-0.972313642501831, -0.23357270658016205, -0.00706858653575182)	(-6.312055587768555, -1.9211493730545044, -0.005946412682533264)	122.36514553427706	-0.23993165791034698	0	0	0.09603279953239219	0.09603279953239219	6.45362369173619	24	False	0	nan	1.5990464763662215
14.04875061288476	(-27.39847183227539, 67.04783630371094, -27.77358055114746)	(-0.9552320837974548, -0.2957153916358948, -0.009174558334052563)	(-6.071574687957764, -2.2018351554870605, -0.011182660236954689)	96.20400533083257	-0.18863530457019806	0	0	0.04281672186970864	0.04281672186970864	6.317487995555377	23	False	0	nan	1.553533486260917
14.283500622957945	(-28.833730697631836, 66.48870849609375, -27.7718563079834)	(-0.938507616519928, -0.34519529342651367, -0.006605032365769148)	(-6.153790473937988, -2.5767822265625, -0.01908675581216812)	83.6153492331504	-0.16395166516304016	0	0	0.12671985149026632	0.12671985149026632	6.816638656914431	24	False	0	nan	1.523777382034456
14.51825063303113	(-30.274208068847656, 65.85746002197266, -27.771902084350586)	(-0.921902596950531, -0.3873424828052521, -0.00783641915768385)	(-6.050974369049072, -2.80753493309021, 0.008394835516810417)	68.99067118763905	-0.13527582585811615	0	0	0.06010045093840466	0.06010045093840466	6.574796214855594	24	False	0	nan	1.5187949135064869
14.754000645130873	(-31.696727752685547, 65.19657897949219, -27.76963233947754)	(-0.9109997153282166, -0.41233107447624207, -0.007920892909169197)	(-6.05912446975708, -2.81996750831604, 0.00499299168586731)	19.327273406108738	-0.03789661452174187	0	0	0.07696384660779054	0.07696384660779054	6.602618959743989	24	False	0	nan	1.5257967797589316
14.989500656723976	(-33.1231689453125, 64.5427474975586, -27.768966674804688)	(-0.9097093939781189, -0.4151736795902252, -0.007723130751401186)	(-6.096862316131592, -2.7527194023132324, 0.013874858617782593)	-7.691796161234016	0.015081953257322311	0	0	0.07817253468594398	0.07817253468594398	6.659810250218262	24	False	0	nan	1.521231062547977
15.226500671356916	(-34.573341369628906, 63.89860534667969, -27.768707275390625)	(-0.9129993915557861, -0.4078861176967621, -0.007811133749783039)	(-6.147830486297607, -2.687326431274414, -0.010481496341526508)	-17.482639588415672	0.03427968546748161	0	0	0.07722490316425057	0.07722490316425057	6.676282409805734	24	False	0	nan	1.5133002871091348
15.462500683963299	(-36.02771759033203, 63.27787399291992, -27.76849365234375)	(-0.9182987213134766, -0.3958095610141754, -0.007899558171629906)	(-6.208168983459473, -2.5845320224761963, 0.0027633700519800186)	-24.315098561340296	0.04767666384577751	0	0	0.07612693572453677	0.07612693572453677	6.783081123071948	24	False	0	nan	1.5166621611106603
15.698000695556402	(-37.49748229980469, 62.68798065185547, -27.767942428588867)	(-0.926005482673645, -0.37741711735725403, -0.008387142792344093)	(-6.2778496742248535, -2.410417079925537, -0.024602578952908516)	-40.013350099278945	0.0784575492143631	0	0	0.07224441297127582	0.07224441297127582	6.832415445410049	24	False	0	nan	1.5414102294178043
15.934250708669424	(-38.985313415527344, 62.153350830078125, -27.76700210571289)	(-0.9379016160964966, -0.3467664420604706, -0.009672785177826881)	(-6.300953388214111, -2.071336269378662, -0.0347643606364727)	-77.5373244582307	0.1520339697599411	0	0	0.05528567203903334	0.05528567203903334	6.72229750158229	24	False	0	nan	1.5884939857903941
16.16900071874261	(-40.43814468383789, 61.734745025634766, -27.767595291137695)	(-0.9558226466178894, -0.29365041851997375, -0.013135845772922039)	(-6.079352855682373, -1.4770586490631104, 0.019481604918837547)	-124.13694980174625	0.2617670229627214	0	0	0.008640461557629875	0.008640461557629875	6.510977929792505	23	False	0	nan	1.6623415938927035
16.404250729829073	(-41.85883331298828, 61.47459411621094, -27.766427993774414)	(-0.9774338006973267, -0.2108066827058792, -0.013554609380662441)	(-5.938192844390869, -0.7056726217269897, 0.029423167929053307)	-175.98831930932755	0.3507295250892639	0	0	0.030588800230659352	0.030588800230659352	6.3299149932586065	22	False	0	nan	1.734873262316985
16.640250742435455	(-43.29215621948242, 61.36845397949219, -27.765697479248047)	(-0.9933914542198181, -0.11449543386697769, -0.008020902052521706)	(-6.237908840179443, -0.15882433950901031, -0.01916029118001461)	-161.82041198021838	0.3172949254512787	0	0	0.12492393028286752	0.12492393028286752	6.4811355955399685	22	False	0	nan	1.7924719702954077
16.87550075352192	(-44.811588287353516, 61.378849029541016, -27.765180587768555)	(-0.9996422529220581, -0.026440979912877083, -0.004024480935186148)	(-6.668017864227295, 0.26923781633377075, -0.022545935586094856)	-131.55693590641016	0.25795477628707886	0	0	0.15905933339068312	0.15905933339068312	6.922017980849645	24	False	0	nan	1.807770532767477
17.11225076764822	(-46.37981033325195, 61.4913444519043, -27.768009185791016)	(-0.9988306164741516, 0.047580767422914505, -0.008576592430472374)	(-6.5047502517700195, 0.6525176763534546, 0.013471746817231178)	-103.69487777352307	0.20332328975200653	0	0	0.03705963984442162	0.03705963984442162	6.578248233820652	24	False	0	nan	1.787521635162631
17.34925078228116	(-47.91841125488281, 61.676971435546875, -27.768768310546875)	(-0.9947630763053894, 0.10172650218009949, -0.009905423037707806)	(-6.460087299346924, 0.8936440944671631, -0.0075861928053200245)	-72.83874750137355	0.1428210735321045	0	0	0.05800214095513723	0.05800214095513723	6.6933692387255075	23	False	0	nan	1.7454853316735026
17.5862507969141	(-49.47998046875, 61.91647720336914, -27.767168045043945)	(-0.9902384281158447, 0.1392519176006317, -0.006063471082597971)	(-6.740054607391357, 1.1308952569961548, -0.007582444231957197)	-52.81024262314373	0.10354949533939362	0	0	0.14287750201495686	0.14287750201495686	7.0687323190782765	25	False	0	nan	1.703229191621687
17.821750808507204	(-51.04460906982422, 62.19630813598633, -27.770225524902344)	(-0.9857863187789917, 0.16763921082019806, -0.011060568504035473)	(-6.430769443511963, 1.2136189937591553, -6.138579919934273e-05)	-40.71380451321572	0.07983098924160004	0	0	0	0	6.631537589700568	24	False	0	nan	1.6711790801352693
18.05675081908703	(-52.544166564941406, 62.50382614135742, -27.768718719482422)	(-0.9811869263648987, 0.19278088212013245, -0.010379703715443611)	(-6.408882141113281, 1.4168671369552612, 0.017377054318785667)	-43.58921661973015	0.08546905219554901	0	0	0.07109504111679454	0.07109504111679454	6.685386812503055	24	False	0	nan	1.6528993942710617
18.292250830680132	(-54.042842864990234, 62.85603713989258, -27.768346786499023)	(-0.9754972457885742, 0.21982111036777496, -0.009152455255389214)	(-6.360503673553467, 1.5828537940979004, -0.00409767497330904)	-48.7897999584676	0.09566627442836761	0	0	0.06924796393699628	0.06924796393699628	6.553997291403537	24	False	0	nan	1.6333596544236628
18.527500841766596	(-55.533756256103516, 63.24750518798828, -27.76849365234375)	(-0.9693013429641724, 0.24571898579597473, -0.008773726411163807)	(-6.320455551147461, 1.7151280641555786, 0.00467608030885458)	-41.89541950821876	0.08214788138866425	0	0	0.07165172558335398	0.07165172558335398	6.662356990729045	24	False	0	nan	1.6154206547689318
18.764250855892897	(-57.029930114746094, 63.673492431640625, -27.768436431884766)	(-0.9636680483818054, 0.2669660747051239, -0.008546617813408375)	(-6.311936378479004, 1.8384840488433838, -0.01653154194355011)	-32.7886001766147	0.06429137289524078	0	0	0.07426661937124512	0.07426661937124512	6.744817555664641	24	False	0	nan	1.6063632108251127
19.00050086900592	(-58.51551818847656, 64.13330078125, -27.768003463745117)	(-0.9573479294776917, 0.288808673620224, -0.008629181422293186)	(-6.266351222991943, 2.029343843460083, 0.004791635554283857)	-41.64708003396731	0.08166094124317169	0	0	0.07173149067527929	0.07173149067527929	6.779992937976857	24	False	0	nan	1.6023450279932563
19.235500879585743	(-59.985965728759766, 64.63034057617188, -27.768203735351562)	(-0.9498189687728882, 0.3126862347126007, -0.00844029150903225)	(-6.22952127456665, 2.2024240493774414, -0.013890688307583332)	-42.25117161870041	0.08284543454647064	0	0	0.07153663397480647	0.07153663397480647	6.697877308733418	24	False	0	nan	1.6030551634614862
19.471500892192125	(-61.44908142089844, 65.16790008544922, -27.767993927001953)	(-0.9413242340087891, 0.3373945653438568, -0.008579514920711517)	(-6.174594402313232, 2.3813090324401855, 0.012041861191391945)	-44.51639726758032	0.0872870534658432	0	0	0.07078097029725106	0.07078097029725106	6.638185614021061	24	False	0	nan	1.6037938410851171
19.707500904798508	(-62.897972106933594, 65.74385070800781, -27.767953872680664)	(-0.932262122631073, 0.36167606711387634, -0.008818689733743668)	(-6.129902362823486, 2.5331473350524902, 0.005562650505453348)	-41.98745816953102	0.08232834935188293	0	0	0.07162204289299434	0.07162204289299434	6.690816403689744	24	False	0	nan	1.6037259171928013
19.94325091689825	(-64.32929229736328, 66.36163330078125, -27.7678279876709)	(-0.9214843511581421, 0.38831424713134766, -0.008869810961186886)	(-6.024211406707764, 2.7156295776367188, -0.0209637638181448)	-51.20901614427529	0.10040983557701111	0	0	0.06831786491939762	0.06831786491939762	6.721686911902676	24	False	0	nan	1.5988670543680201
20.177250925451517	(-65.71678924560547, 67.0256576538086, -27.767675399780273)	(-0.9066866636276245, 0.4216953217983246, -0.009609050117433071)	(-5.80265474319458, 2.950357675552368, -0.008025262504816055)	-71.42371863126787	0.14004650712013245	0	0	0.05878697584345072	0.05878697584345072	6.635290345511315	23	False	0	nan	1.5807372318852055
20.412000935524702	(-67.07926177978516, 67.76957702636719, -27.765647888183594)	(-0.8849635720252991, 0.46560201048851013, -0.007363377138972282)	(-5.795535087585449, 3.389125108718872, 0.02039615623652935)	-92.03364551067311	0.18045812845230103	0	0	0.12103486387549278	0.12103486387549278	6.852903071031925	24	False	0	nan	1.581217332216094
20.64575094357133	(-68.3954849243164, 68.6036148071289, -27.767391204833984)	(-0.8545078039169312, 0.5193399786949158, -0.01011833269149065)	(-5.403602600097656, 3.6952977180480957, -0.03496409207582474)	-104.54700484871847	0.20499412715435028	0	0	0.036377407832226094	0.036377407832226094	6.789090833957881	24	False	0	nan	1.597478184016343
20.880250953137875	(-69.63887023925781, 69.49696350097656, -27.768362045288086)	(-0.8230915665626526, 0.5678097605705261, -0.010594717226922512)	(-5.170176982879639, 3.8913609981536865, 0.0015888138441368937)	-86.02819696068778	0.1686827391386032	0	0	0.049946133516697966	0.049946133516697966	6.53698581374651	23	False	0	nan	1.6235433515954396
21.11500096321106	(-70.85826873779297, 70.45487976074219, -27.766660690307617)	(-0.7958459854125977, 0.6054608225822449, -0.006817095912992954)	(-5.2287092208862305, 4.254443645477295, 0.023648150265216827)	-69.2975959181783	0.13587763905525208	0	0	0.1351372672047706	0.1351372672047706	6.915736248784885	24	False	0	nan	1.6623949393033175
21.350250974297523	(-72.07733917236328, 71.4855728149414, -27.767858505249023)	(-0.7712206840515137, 0.6365200877189636, -0.007789711933583021)	(-5.09870719909668, 4.431673526763916, 0.0009565501241013408)	-57.17926338314975	0.11211620271205902	0	0	0.06582995708942851	0.06582995708942851	6.799783015088703	24	False	0	nan	1.6994388556053985
21.586000986397266	(-73.27125549316406, 72.54901885986328, -27.768125534057617)	(-0.7525292038917542, 0.6585027575492859, -0.008602333255112171)	(-5.038445949554443, 4.571114540100098, 0.0048579266294837)	-37.81545683741599	0.07414795458316803	0	0	0.07290208083113248	0.07290208083113248	6.876801317430228	24	False	0	nan	1.7333413496205883
21.82075099647045	(-74.44588470458984, 73.62870025634766, -27.768383026123047)	(-0.7400450110435486, 0.6725037693977356, -0.008480114862322807)	(-5.010760307312012, 4.667830944061279, -0.00844590924680233)	-23.52496895939152	0.04612739011645317	0	0	0.07627226388104458	0.07627226388104458	6.872053010935745	25	False	0	nan	1.764516226216588
22.055751007050276	(-75.60305786132812, 74.70600891113281, -27.771387100219727)	(-0.7338087558746338, 0.6792442202568054, -0.012326588854193687)	(-4.7721781730651855, 4.460304260253906, 0.0023188921622931957)	-6.3233147934076195	0.012398656457662582	0	0	0	0	6.465731414174877	24	False	0	nan	1.7920792504944891
22.29050101712346	(-76.72441864013672, 75.74343872070312, -27.7703800201416)	(-0.733933687210083, 0.679146945476532, -0.010033774189651012)	(-4.837888717651367, 4.441026210784912, 0.023067735135555267)	7.324557267129518	-0.014361876994371414	0	0	0.07819373648919858	0.07819373648919858	6.581500623326777	24	False	0	nan	1.8148802040039547
22.526001028716564	(-77.86931610107422, 76.78290557861328, -27.770540237426758)	(-0.7387006878852844, 0.673981249332428, -0.008407087996602058)	(-4.913915634155273, 4.397469997406006, 0.002440559910610318)	18.22573151439412	-0.035736728459596634	0	0	0.0771228862390051	0.0771228862390051	6.715588265275292	24	False	0	nan	1.8307726681998182
22.762751042842865	(-79.04715728759766, 77.8155746459961, -27.77107810974121)	(-0.7489017844200134, 0.6626294255256653, -0.008278366178274155)	(-5.04425573348999, 4.3008575439453125, 0.017958465963602066)	34.99436661601047	-0.06861640512943268	0	0	0.07369178894711359	0.07369178894711359	6.692547244178932	24	False	0	nan	1.8385181076448824
22.99825105443597	(-80.25224304199219, 78.81558990478516, -27.771162033081055)	(-0.7647388577461243, 0.6442826986312866, -0.008619173429906368)	(-5.184422492980957, 4.1600775718688965, 0.004776892252266407)	46.00901797413844	-0.09021376073360443	0	0	0.0702614773743	0.0702614773743	6.616236138238216	24	False	0	nan	1.8392564360493806
23.23500106856227	(-81.4969253540039, 79.78140258789062, -27.771343231201172)	(-0.784126341342926, 0.6205357313156128, -0.009016317315399647)	(-5.331582069396973, 3.96513032913208, -0.010770758613944054)	54.795487895607764	-0.10744213312864304	0	0	0.06685618802876703	0.06685618802876703	6.6124465715646785	24	False	0	nan	1.8271809522579723
23.470501080155373	(-82.7642593383789, 80.69263458251953, -27.77193832397461)	(-0.8053549528121948, 0.592721164226532, -0.009210480377078056)	(-5.442422389984131, 3.776686429977417, -0.00819353200495243)	61.5069537609817	-0.12060187011957169	0	0	0.06385518892366204	0.06385518892366204	6.647293324409686	24	False	0	nan	1.7935211966228177
23.705751091241837	(-84.06163787841797, 81.54285430908203, -27.772884368896484)	(-0.8290807008743286, 0.5590423345565796, -0.009835469536483288)	(-5.574380397796631, 3.471041440963745, -0.0021079566795378923)	77.23110660910591	-0.1514335423707962	0	0	0.055467882245032296	0.055467882245032296	6.5100689570327495	24	False	0	nan	1.7347159956632683
23.94200110435486	(-85.3956069946289, 82.32147979736328, -27.773263931274414)	(-0.855424702167511, 0.5178235173225403, -0.01036254782229662)	(-5.672336101531982, 3.1325294971466064, 0.007640918716788292)	85.28855144977463	-0.1672324538230896	0	0	0.05043330638830823	0.05043330638830823	6.466034055274075	23	False	0	nan	1.6533446042987532
24.177251115441322	(-86.77102661132812, 83.03433227539062, -27.771682739257812)	(-0.8798633813858032, 0.4751758575439453, -0.00694584334269166)	(-6.02592134475708, 2.946824073791504, 0.013845483772456646)	81.47958263754838	-0.1597638875246048	0	0	0.1280755002430254	0.1280755002430254	6.745946981921565	24	False	0	nan	1.5806935468654437
24.413251128047705	(-88.20684814453125, 83.7133560180664, -27.77088165283203)	(-0.8980190753936768, 0.4398919641971588, -0.007539772428572178)	(-6.102666854858398, 2.7829749584198, -0.020983796566724777)	50.366259366309706	-0.09875737130641937	0	0	0.06864698161264604	0.06864698161264604	6.772650401697975	24	False	0	nan	1.5475997758901785
24.649501141160727	(-89.65975952148438, 84.35527801513672, -27.771181106567383)	(-0.9108105897903442, 0.41273513436317444, -0.008583477698266506)	(-6.185727596282959, 2.610074281692505, -0.0007772896206006408)	48.04265365004551	-0.09420128166675568	0	0	0.06952611853234059	0.06952611853234059	6.774022555725594	24	False	0	nan	1.5355845216701882
24.88550115376711	(-91.12553405761719, 84.95433044433594, -27.770977020263672)	(-0.9221728444099426, 0.3866785764694214, -0.008761219680309296)	(-6.26153564453125, 2.440570592880249, -0.0028180161025375128)	45.683728829026286	-0.08957593888044357	0	0	0.07037615117368712	0.07037615117368712	6.732455030546649	24	False	0	nan	1.5450997076198347
25.120251163840294	(-92.600341796875, 85.52071380615234, -27.770408630371094)	(-0.9307812452316284, 0.36548230051994324, -0.008319580927491188)	(-6.312047004699707, 2.3616783618927, 0.0036207016091793776)	32.30095334351074	-0.06333520263433456	0	0	0.07438865210726786	0.07438865210726786	6.761344144149332	24	False	0	nan	1.5620194965959706
25.35375117138028	(-94.075439453125, 86.06010437011719, -27.77020835876465)	(-0.9371933341026306, 0.34871232509613037, -0.008274663239717484)	(-6.365429401397705, 2.281567096710205, 0.005603263154625893)	28.02892047911866	-0.05495866760611534	0	0	0.07537954485496057	0.07537954485496057	6.769022161052738	24	False	0	nan	1.574422132840489
25.589501183480024	(-95.58880615234375, 86.57861328125, -27.77045249938965)	(-0.9439986348152161, 0.3298341631889343, -0.00872438307851553)	(-6.449431419372559, 2.0901031494140625, -0.013520980253815651)	37.29762822389589	-0.07313260436058044	0	0	0.07305162217943884	0.07305162217943884	6.755324291837334	24	False	0	nan	1.5849177613789307
25.825251195579767	(-97.1114730834961, 87.05303192138672, -27.77082633972168)	(-0.9523225426673889, 0.3049624264240265, -0.008927430026233196)	(-6.518692493438721, 1.9112441539764404, 0.00985016394406557)	46.80574402213116	-0.09177596867084503	0	0	0.0699771715745281	0.0699771715745281	6.720733458616923	24	False	0	nan	1.5997750992319513
26.06175120919943	(-98.65982818603516, 87.47766876220703, -27.77175521850586)	(-0.9618285298347473, 0.2735019326210022, -0.00908871553838253)	(-6.571218967437744, 1.6554352045059204, -0.0011074516223743558)	59.2652944475411	-0.11620645970106125	0	0	0.06489605872374571	0.06489605872374571	6.751692554099692	24	False	0	nan	1.6227490023478475
26.299251224845648	(-100.22107696533203, 87.840087890625, -27.77182388305664)	(-0.971444308757782, 0.23707668483257294, -0.009519667364656925)	(-6.5995917320251465, 1.390116810798645, -0.009104188531637192)	63.61000031232829	-0.12472549080848694	0	0	0.06284355194258207	0.06284355194258207	6.630793322582704	24	False	0	nan	1.653868586460415
26.53525123745203	(-101.7706069946289, 88.13108825683594, -27.772228240966797)	(-0.9803664088249207, 0.19694776833057404, -0.009656100533902645)	(-6.593535423278809, 1.0871624946594238, 0.01969236321747303)	70.89331269261407	-0.13900649547576904	0	0	0.059077194215545026	0.059077194215545026	6.6536364204817815	24	False	0	nan	1.6876253729918205
26.769251246005297	(-103.31375122070312, 88.34822845458984, -27.772642135620117)	(-0.9881248474121094, 0.15332745015621185, -0.010001152753829956)	(-6.551394462585449, 0.7614895105361938, -0.009811918251216412)	76.91983491182323	-0.1508232057094574	0	0	0.05565236061952272	0.05565236061952272	6.671893709983008	24	False	0	nan	1.7181583402898426
27.00450125709176	(-104.85198211669922, 88.47798919677734, -27.774677276611328)	(-0.9948546290397644, 0.10064918547868729, -0.011580291204154491)	(-6.436637878417969, 0.3325726091861725, 0.009132719598710537)	107.01633274555212	-0.209835946559906	0	0	0.034368875531308296	0.034368875531308296	6.3832421775436625	23	False	0	nan	1.7465297010630363
27.240251269191504	(-106.34053802490234, 88.48126220703125, -27.777725219726562)	(-0.9995241761207581, 0.027540335431694984, -0.013886585831642151)	(-6.148637771606445, -0.3290862739086151, -0.011653861962258816)	164.51958896344993	-0.34543199626686155	0	0	0.00995806765738827	0.00995806765738827	6.321130229006173	22	False	0	nan	1.7945041414121317
27.47425127774477	(-107.77944946289062, 88.312744140625, -27.77680206298828)	(-0.9971223473548889, -0.07508008927106857, -0.010486727580428123)	(-6.186573028564453, -1.090354561805725, 0.004225199110805988)	191.65844768285734	-0.37580087780952454	0	0	0.08437370023759083	0.08437370023759083	6.073326540692678	23	False	0	nan	1.8963663596565412
27.710501290857792	(-109.18317413330078, 87.97882080078125, -27.77859115600586)	(-0.9825170040130615, -0.18569520115852356, -0.01332149002701044)	(-5.6614532470703125, -1.7139326333999634, 0.016700169071555138)	198.75327497720718	-0.38971230387687683	0	0	0.0017243202069767705	0.0017243202069767705	5.905179328525211	21	False	0	nan	1.9725307904351348
27.945001300424337	(-110.52371215820312, 87.51136779785156, -27.774349212646484)	(-0.9588932394981384, -0.2836895287036896, -0.00664158770814538)	(-5.859371185302734, -2.3577325344085693, -0.008029851131141186)	178.4159758687018	-0.34983524680137634	0	0	0.1720153000954202	0.1720153000954202	6.147160652110452	23	False	0	nan	1.8640366495473055
28.179751310497522	(-111.8594741821289, 86.89132690429688, -27.777545928955078)	(-0.9237995743751526, -0.3827372193336487, -0.010327323339879513)	(-5.413216590881348, -2.8638720512390137, -0.010830529034137726)	185.68410426378264	-0.36408647894859314	0	0	0.021041035846815603	0.021041035846815603	6.026880066901704	22	False	0	nan	1.82751276571521
28.414251320064068	(-113.07398223876953, 86.1479263305664, -27.77781105041504)	(-0.87668377161026, -0.4809463918209076, -0.01077537052333355)	(-5.029037952423096, -3.4756972789764404, -0.004427199251949787)	208.09904068708408	-0.40803733468055725	0	0	0.059105533506786934	0.059105533506786934	6.107846809170314	22	False	0	nan	1.870954375200965
28.649001330137253	(-114.20703887939453, 85.2634506225586, -27.776451110839844)	(-0.817645788192749, -0.5756561756134033, -0.008685682900249958)	(-4.643476963043213, -4.032853603363037, 0.024423204362392426)	194.88461136817932	-0.38212668895721436	0	0	0.07957919358659638	0.07957919358659638	6.129350302291168	22	False	0	nan	1.9839451702576918
28.884251341223717	(-115.21696472167969, 84.26402282714844, -27.779226303100586)	(-0.7452096939086914, -0.6667283773422241, -0.011648261919617653)	(-3.9289658069610596, -4.44033145904541, -0.02644786238670349)	226.61895811557756	-0.4443508982658386	0	0	0.028152279210342357	0.028152279210342357	5.924631548862076	21	False	0	nan	1.8816729768304192
29.11950135231018	(-116.08513641357422, 83.1480712890625, -27.777095794677734)	(-0.6582711338996887, -0.7527358531951904, -0.008231770247220993)	(-3.4719412326812744, -5.053477764129639, 0.01845390722155571)	221.5250122547151	-0.4343627691268921	0	0	0.10572898479641835	0.10572898479641835	6.1717952791842485	22	False	0	nan	1.7809498161908017
29.354501362890005	(-116.8174819946289, 81.92646026611328, -27.77836036682129)	(-0.5605313777923584, -0.8280724883079529, -0.010028600692749023)	(-2.771477699279785, -5.268889904022217, -0.013075165450572968)	220.49847453834207	-0.43234995007514954	0	0	0.038673520670015726	0.038673520670015726	5.873730327647085	21	False	0	nan	1.7335744044586394
29.590251374989748	(-117.45512390136719, 80.6007308959961, -27.77133560180664)	(-0.4730800986289978, -0.8810157775878906, -0.002559513319283724)	(-2.716900587081909, -6.000964164733887, 0.01125062070786953)	125.74033727206606	-0.24654968082904816	0	0	0.2336132548830946	0.2336132548830946	6.598343458539561	24	False	0	nan	1.7239998746277418
29.82600138708949	(-118.07273864746094, 79.1679458618164, -27.772037506103516)	(-0.4173998534679413, -0.9087037444114685, -0.005910650361329317)	(-2.469024419784546, -6.033862590789795, -0.037247929722070694)	79.97713565826406	-0.15681791305541992	0	0	0.05380814214494278	0.05380814214494278	6.484216693130604	23	False	0	nan	1.6993977172785422
30.059751395136118	(-118.64974975585938, 77.72782897949219, -27.76953125)	(-0.3843925893306732, -0.9231576919555664, -0.004714853595942259)	(-2.5031981468200684, -6.362389087677002, -0.011812415905296803)	41.43579237163052	-0.08124665170907974	0	0	0.1469989815860635	0.1469989815860635	6.918843608177648	25	False	0	nan	1.6574130642142104
30.29125140234828	(-119.2103271484375, 76.2767333984375, -27.771839141845703)	(-0.366632878780365, -0.9303082227706909, -0.010336476378142834)	(-2.30654239654541, -6.082831859588623, -0.016845960170030594)	24.004845209419578	-0.04706832394003868	0	0	0	0	6.533472765509702	23	False	0	nan	1.595287850028478
30.525251410901546	(-119.75717163085938, 74.8210678100586, -27.76899528503418)	(-0.3558202087879181, -0.9345295429229736, -0.006814595311880112)	(-2.3675034046173096, -6.39664363861084, 0.0037737952079623938)	17.289459854364427	-0.033900901675224304	0	0	0.15245072886560673	0.15245072886560673	6.957509643379115	25	False	0	nan	1.523801618688499
30.759501419961452	(-120.29440307617188, 73.3371353149414, -27.771682739257812)	(-0.34427547454833984, -0.9388001561164856, -0.011342406272888184)	(-2.1672613620758057, -6.156927108764648, -0.023329375311732292)	22.611323185265142	-0.044335927814245224	0	0	0	0	6.543727403331525	23	False	0	nan	1.4599523260256317
30.994001429527998	(-120.81330871582031, 71.86708068847656, -27.768707275390625)	(-0.3360254168510437, -0.9418264031410217, -0.007073532324284315)	(-2.268322706222534, -6.445570468902588, -0.00020936342480126768)	10.313807465135937	-0.02022315189242363	0	0	0.15319102412753594	0.15319102412753594	6.861726591443553	25	False	0	nan	1.4124655955139063
31.228501439094543	(-121.3438949584961, 70.3834457397461, -27.77060890197754)	(-0.3372204899787903, -0.9413580894470215, -0.011278376914560795)	(-2.2304751873016357, -6.125600814819336, -0.021657714620232582)	-10.60933280736194	0.020802613347768784	0	0	0	0	6.576753004076419	23	False	0	nan	1.3745495494425297
31.464001450687647	(-121.8885498046875, 68.91860961914062, -27.76785659790039)	(-0.3459737002849579, -0.9382176995277405, -0.007063109893351793)	(-2.440237045288086, -6.366065979003906, 0.015002508647739887)	-18.63579411059587	0.03654077276587486	0	0	0.15226477192567267	0.15226477192567267	6.95000931133522	25	False	0	nan	1.348386529059678
31.698501460254192	(-122.46199798583984, 67.45547485351562, -27.77005386352539)	(-0.3608317971229553, -0.9325610995292664, -0.011413081549108028)	(-2.445668935775757, -6.034220218658447, -0.03155086934566498)	-31.09636668115861	0.06097326800227165	0	0	0	0	6.622113698891917	23	False	0	nan	1.3497626065064554
31.9327514693141	(-123.06519317626953, 66.03121185302734, -27.766809463500977)	(-0.38321298360824585, -0.9236282110214233, -0.0076643493957817554)	(-2.7584481239318848, -6.189505577087402, -0.012966669164597988)	-50.642390549183006	0.09929880499839783	0	0	0.14373974732589012	0.14373974732589012	6.977181965022757	24	False	0	nan	1.3832383209178798
32.166251476854086	(-123.74075317382812, 64.60111999511719, -27.767255783081055)	(-0.4175495207309723, -0.9086155295372009, -0.008378786034882069)	(-3.0052707195281982, -6.023182392120361, -0.031667713075876236)	-69.13156762719139	0.13555209338665009	0	0	0.06002562997849692	0.06002562997849692	6.768957280550985	24	False	0	nan	1.4599358713717674
32.40025148540735	(-124.47313690185547, 63.22081756591797, -27.767738342285156)	(-0.456814169883728, -0.8895074725151062, -0.009855636395514011)	(-3.2458581924438477, -5.814131736755371, 0.02343135140836239)	-70.5772152543067	0.13838669657707214	0	0	0.059249122210485394	0.059249122210485394	6.711322633313326	24	False	0	nan	1.5681614828145158
32.63400149345398	(-125.2601089477539, 61.87873077392578, -27.76799201965332)	(-0.4942677915096283, -0.8692534565925598, -0.009888771921396255)	(-3.45097279548645, -5.644820690155029, -0.00750420056283474)	-67.99096003174805	0.13331560790538788	0	0	0.060626948688816906	0.060626948688816906	6.765022480018175	24	False	0	nan	1.662542959609692
32.86975150555372	(-126.10464477539062, 60.5716552734375, -27.767759323120117)	(-0.5313009023666382, -0.8471277952194214, -0.009685958735644817)	(-3.6794919967651367, -5.431926250457764, -0.01844888925552368)	-71.42808839678797	0.1400550752878189	0	0	0.0587845758861234	0.0587845758861234	6.750818294117637	24	False	0	nan	1.7244979889526872
33.105251517146826	(-126.99755096435547, 59.31558609008789, -27.76801109313965)	(-0.5678320527076721, -0.82308429479599, -0.009944185614585876)	(-3.8853306770324707, -5.228237628936768, -0.025033103302121162)	-72.38754451270701	0.14193636178970337	0	0	0.05825406920190246	0.05825406920190246	6.588819370612225	23	False	0	nan	1.7467125002465078
33.34050152823329	(-127.95040893554688, 58.08246994018555, -27.766450881958008)	(-0.6005873084068298, -0.799533486366272, -0.006419687066227198)	(-4.26896858215332, -5.310457706451416, 0.023908575996756554)	-62.5674426555633	0.12268126010894775	0	0	0.13854930841808066	0.13854930841808066	6.985653953567767	25	False	0	nan	1.7327077724481237
33.57300153374672	(-128.93666076660156, 56.87326431274414, -27.770292282104492)	(-0.6240480542182922, -0.7813044190406799, -0.011286784894764423)	(-4.157646179199219, -5.008031368255615, 0.008724184706807137)	-36.173967719078455	0.07092934846878052	0	0	0	0	6.590664886207111	23	False	0	nan	1.6999086569716046
33.807001542299986	(-129.93228149414062, 55.67766189575195, -27.76839828491211)	(-0.6358964443206787, -0.7717429995536804, -0.006959025282412767)	(-4.376434803009033, -5.256569862365723, 0.006075471639633179)	-15.072436518967235	0.029553797096014023	0	0	0.1527265730772076	0.1527265730772076	7.040551243652864	25	False	0	nan	1.6714785950752633
34.03850155323744	(-130.93460083007812, 54.48413848876953, -27.771074295043945)	(-0.6414150595664978, -0.7671158909797668, -0.010958935134112835)	(-4.215792655944824, -4.995721817016602, -0.010926597751677036)	-8.932057209374866	0.017513837665319443	0	0	0	0	6.635962146449665	24	False	0	nan	1.6501970446715655
34.27075155824423	(-131.91921997070312, 53.32148361206055, -27.769638061523438)	(-0.6451553106307983, -0.7639884352684021, -0.009812328964471817)	(-4.292360305786133, -5.0147929191589355, 0.0010623593116179109)	-7.324333079159608	0.014361437410116196	0	0	0.07819374911551535	0.07819374911551535	6.63651819258646	24	False	0	nan	1.632860366863584
34.50600156933069	(-132.92962646484375, 52.136356353759766, -27.76912498474121)	(-0.6480230689048767, -0.7615742087364197, -0.008411282673478127)	(-4.324081897735596, -5.0334882736206055, 0.008379852399230003)	-4.807853512465625	0.009427163749933243	0	0	0.07831112858363198	0.07831112858363198	6.614029209707067	24	False	0	nan	1.6164617982237686
34.741251580417156	(-133.9456329345703, 50.95064163208008, -27.76881980895996)	(-0.6501003503799438, -0.7598044276237488, -0.008165523409843445)	(-4.361621379852295, -5.05695915222168, 0.014439040794968605)	-3.6484749242665613	0.007153872400522232	0	0	0.07834882210967709	0.07834882210967709	6.654906954205879	24	False	0	nan	1.599178708423209
34.97600159049034	(-134.96588134765625, 49.7534065246582, -27.769184112548828)	(-0.648850679397583, -0.7608716487884521, -0.00818527489900589)	(-4.360783100128174, -5.118615627288818, 0.012535510584712029)	7.744107954204001	-0.015184525400400162	0	0	0.07816943018836464	0.07816943018836464	6.7044069563002795	24	False	0	nan	1.585207834520859
35.21050160005689	(-135.98292541503906, 48.5390510559082, -27.769330978393555)	(-0.6436343789100647, -0.7652881145477295, -0.008305042050778866)	(-4.328004837036133, -5.195950984954834, -0.012256656773388386)	13.993704803287804	-0.027438636869192123	0	0	0.07764712120676065	0.07764712120676065	6.770145119458735	24	False	0	nan	1.5797103348488908
