timer	pos	dir	vel	steering	steering_input	brake	brake_input	throttle	throttle_input	wheelspeed	vel_kmh	is_oob	oob_counter	max_oob_percentage	oob_distance
0	(2.0239598751068115, 2.480642318725586, -28)	(0.009620939381420612, 0.9999536871910095, 0)	(0, 0, 0)	0	None	0	None	0	None	0	0	False	0	nan	1.9979954041038714
0.20000000298023224	(2.023594856262207, 2.4827938079833984, -27.969703674316406)	(0.008522930555045605, 0.9999478459358215, -0.005633791908621788)	(-0.02170714922249317, 0.10773685574531555, 0.1611015647649765)	-64.2197010794797	0.151209853657904	0	0	0.9648053895405508	0.9648053895405508	0.07264775238702582	1	False	0	nan	1.9976060726646725
0.4402500167489052	(2.025607109069824, 2.610283374786377, -27.853595733642578)	(0.008964073844254017, 0.9999274611473083, -0.00804956629872322)	(0.05021525174379349, 0.8320960402488708, 0.9140506982803345)	-87.4543364346024	0.17147909104824066	0	0	0.9689949213332691	0.9689949213332691	2.7528309439173717	4	False	0	nan	1.9981689504555966
0.6747500263154507	(2.0393009185791016, 2.8308184146881104, -27.742881774902344)	(0.018807457759976387, 0.9998173117637634, -0.0034030883107334375)	(-0.0048632873222231865, 1.3272960186004639, 0.07577577233314514)	-32.556022256612486	0.06383533775806427	0	0	0.9703250496533139	0.9703250496533139	3.2064310381584695	5	False	0	nan	1.990974133131567
0.9082500338554382	(2.0646231174468994, 3.3103220462799072, -27.7548770904541)	(0.026568101719021797, 0.9995129704475403, 0.01637166552245617)	(0.19124944508075714, 2.7960596084594727, -0.11948089301586151)	-71.47579103708306	0.1401486098766327	0	0	0.9403583671496474	0.9403583671496474	3.7955295906027544	10	False	0	nan	1.9718197494687688
1.1412500403821468	(2.1442389488220215, 4.158287525177002, -27.758459091186523)	(0.057636015117168427, 0.9981323480606079, 0.020246094092726707)	(0.577218770980835, 4.3768205642700195, -0.038739461451768875)	-97.92090520262695	0.19200177490711212	0	0	0.8031353184325186	0.8031353184325186	4.709347459570117	16	False	0	nan	1.903452307458339
1.373000044375658	(2.299062490463257, 5.320777416229248, -27.758575439453125)	(0.10128334164619446, 0.9947276711463928, 0.01607782393693924)	(0.8255608081817627, 5.66334867477417, -0.009818004444241524)	-87.4896745383736	0.17154838144779205	0	0	0.5609711528226429	0.5609711528226429	6.104445727724427	21	False	0	nan	1.7653390928498858
1.607250053435564	(2.5588765144348145, 6.75255823135376, -27.7596378326416)	(0.15507303178310394, 0.987856924533844, 0.009544734843075275)	(1.3329612016677856, 6.438380241394043, -0.007013529539108276)	-99.38935920596029	0.19488109648227692	0	0	0.2564213582338656	0.2564213582338656	6.82762860439085	24	False	0	nan	1.5280139658017071
1.8412500619888306	(2.8993406295776367, 8.279655456542969, -27.767059326171875)	(0.20106728374958038, 0.9795758724212646, -0.0017118453979492188)	(1.5109443664550781, 6.497363567352295, -0.008907084353268147)	-49.54499043524228	0.09714704006910324	0	0	0.06896245260581213	0.06896245260581213	6.746608861607711	24	False	0	nan	1.2134127469543028
2.0750000700354576	(3.2468485832214355, 9.814477920532227, -27.770051956176758)	(0.21531710028648376, 0.9765214323997498, -0.006678775418549776)	(1.4317690134048462, 6.634659290313721, 0.004847347736358643)	7.946547316387489	-0.0155814653262496	0	0	0.0781572179382869	0.0781572179382869	6.798767974528774	24	False	0	nan	0.8935108578078146
2.308500077575445	(3.556220293045044, 11.367965698242188, -27.772438049316406)	(0.1994980424642563, 0.9798496961593628, -0.009746961295604706)	(1.1195319890975952, 6.633965969085693, -0.02855297364294529)	64.45144838853253	-0.14903147398291255	0	0	0.04544287224112287	0.04544287224112287	6.488887016039709	24	False	0	nan	0.6134192119683601
2.5430000871419907	(3.763547420501709, 12.909167289733887, -27.7750244140625)	(0.148414745926857, 0.9888503551483154, -0.012166192755103111)	(0.646466851234436, 6.505733013153076, -0.03421681374311447)	111.35419517755521	-0.21834155917167664	0	0	0.030726963538481256	0.030726963538481256	6.459090714325167	24	False	0	nan	0.43616553718144835
2.777000095695257	(3.86352276802063, 14.42056941986084, -27.774150848388672)	(0.08736094832420349, 0.996106743812561, -0.011804861947894096)	(0.2298591136932373, 6.383310794830322, -0.00820095930248499)	101.47105470299707	-0.19896285235881805	0	0	0.038813783381243194	0.038813783381243194	6.381394375651239	23	False	0	nan	0.36639691859763834
3.0115001052618027	(3.8863916397094727, 15.942300796508789, -27.771753311157227)	(0.0346078984439373, 0.9993759393692017, -0.007077531423419714)	(-0.0619792565703392, 6.630677700042725, 0.011361370794475079)	82.84161195158948	-0.16243453323841095	0	0	0.12721502241161953	0.12721502241161953	6.700551139260785	24	False	0	nan	0.37437876840149076
3.2450001128017902	(3.8397014141082764, 17.48790740966797, -27.772506713867188)	(-0.01340057048946619, 0.9998758435249329, -0.008292339742183685)	(-0.3574671745300293, 6.557714939117432, -0.007499851752072573)	78.71380984783167	-0.15434080362319946	0	0	0.054578916336945005	0.054578916336945005	6.545576421460208	24	False	0	nan	0.45249413391978877
3.478500120341778	(3.7550010681152344, 19.01778221130371, -27.769569396972656)	(-0.043870989233255386, 0.9990047216415405, -0.008051853626966476)	(-0.3615097105503082, 6.579284191131592, 0.013223852962255478)	16.498767882585344	-0.03235052525997162	0	0	0.07735344351540396	0.07735344351540396	6.6125051277527005	24	False	0	nan	0.5681104342513741
3.7115001268684864	(3.688079357147217, 20.54680061340332, -27.76824378967285)	(-0.04304945096373558, 0.9990395903587341, -0.008160803467035294)	(-0.19237247109413147, 6.571371555328369, 0.004983718506991863)	-24.021951891482146	0.04710186645388603	0	0	0.07618141417656032	0.07618141417656032	6.601624094524535	24	False	0	nan	0.6654706895790747
3.9437501318752766	(3.6603217124938965, 22.071779251098633, -27.767868041992188)	(-0.02407791092991829, 0.9996720552444458, -0.008727537468075752)	(-0.006231566891074181, 6.557790279388428, -0.005660842172801495)	-42.99789614975477	0.08430960029363632	0	0	0.07129189129832736	0.07129189129832736	6.685560943313878	24	False	0	nan	0.7228501162932417
4.176500137895346	(3.6691315174102783, 23.603294372558594, -27.768388748168945)	(-0.0018907036865130067, 0.9999611973762512, -0.008607016876339912)	(0.10504651069641113, 6.577252388000488, -0.01311098039150238)	-34.54127132892599	0.06772798299789429	0	0	0.07381292031903697	0.07381292031903697	6.684248178778938	24	False	0	nan	0.7427661414070272
4.409750144928694	(3.694469451904297, 25.149721145629883, -27.76913833618164)	(0.011819491162896156, 0.9998981356620789, -0.00800062995404005)	(0.12943878769874573, 6.646150588989258, 0.0003236436750739813)	-14.321252927183735	0.028080888092517853	0	0	0.07761146372393557	0.07761146372393557	6.665437940850671	24	False	0	nan	0.7472509452343543
4.6440001539886	(3.7387731075286865, 26.710575103759766, -27.768329620361328)	(0.025055469945073128, 0.9996529817581177, -0.008132901042699814)	(0.2722964286804199, 6.6606364250183105, -0.0026480823289602995)	-28.76989971846372	0.05641156807541847	0	0	0.07521773498727247	0.07521773498727247	6.72102840376537	24	False	0	nan	0.7551745865354682
4.876750160008669	(3.813575267791748, 28.261428833007812, -27.768217086791992)	(0.04275364801287651, 0.9990498423576355, -0.008446973748505116)	(0.4193454086780548, 6.6820855140686035, -0.01709091104567051)	-29.91997260600345	0.05866661295294762	0	0	0.07495822852462908	0.07495822852462908	6.782877887294061	24	False	0	nan	0.7623870415557272
5.1097501665353775	(3.9264962673187256, 29.814733505249023, -27.767757415771484)	(0.06562302261590958, 0.9978044629096985, -0.008930816315114498)	(0.6115333437919617, 6.650646209716797, 0.006210457533597946)	-46.00403644144531	0.09020399302244186	0	0	0.07026323964280734	0.07026323964280734	6.800291028128172	24	False	0	nan	0.754350656533727
5.343750175088644	(4.078376770019531, 31.373519897460938, -27.76850128173828)	(0.08928003907203674, 0.9959694743156433, -0.008593086153268814)	(0.7104907631874084, 6.682963848114014, 0.012413647025823593)	-33.55498485267172	0.06579408794641495	0	0	0.0740711379912995	0.0740711379912995	6.815523642098238	24	False	0	nan	0.7235275325224304
5.5777501836419106	(4.242966175079346, 32.945430755615234, -27.769580841064453)	(0.10041642934083939, 0.9949123859405518, -0.008119682781398296)	(0.6957434415817261, 6.745916366577148, 0.009915061295032501)	-4.275927180424652	0.008384170942008495	0	0	0.07832970567761521	0.07832970567761521	6.868510388558647	24	False	0	nan	0.689966818666282
5.812250193208456	(4.396589756011963, 34.52864456176758, -27.76981544494629)	(0.09738742560148239, 0.99521404504776, -0.008037496358156204)	(0.6344683170318604, 6.7892656326293945, -0.010183406993746758)	12.130852863192574	-0.023785986006259918	0	0	0.07783422686971009	0.07783422686971009	6.881432658579984	25	False	0	nan	0.6685808542303449
6.045750200748444	(4.527218818664551, 36.08187484741211, -27.77218246459961)	(0.08691487461328506, 0.9961416125297546, -0.012153701856732368)	(0.49947863817214966, 6.496056079864502, -0.027803584933280945)	21.179732903837962	-0.041528888046741486	0	0	0	0	6.532805690831061	23	False	0	nan	0.6613356953760454
6.278000205755234	(4.631341457366943, 37.6142463684082, -27.769908905029297)	(0.07263894379138947, 0.9973322749137878, -0.007207242771983147)	(0.41614487767219543, 6.803452491760254, 0.022499358281493187)	27.855264097452178	-0.05461816489696503	0	0	0.1506168560632879	0.1506168560632879	6.841695292312396	25	False	0	nan	0.6664236608263752
6.511250212788582	(4.705049991607666, 39.17665100097656, -27.772829055786133)	(0.053074296563863754, 0.998527467250824, -0.0112311327829957)	(0.25515949726104736, 6.502872943878174, 0.005526898428797722)	35.75955435633641	-0.07011677324771881	0	0	0	0	6.4629867429138415	23	False	0	nan	0.6849311902446946
6.744750220328569	(4.756243705749512, 40.72177505493164, -27.769163131713867)	(0.03863716125488281, 0.9992278218269348, -0.007126002572476864)	(0.23102883994579315, 6.801549434661865, 0.009762175381183624)	16.941104047000604	-0.03321785107254982	0	0	0.15249657437012187	0.15249657437012187	6.953442998552283	24	False	0	nan	0.6994899051175241
6.9780002273619175	(4.788061618804932, 42.31901550292969, -27.7700138092041)	(0.024397937580943108, 0.9996729493141174, -0.007655965629965067)	(0.08581796288490295, 6.847624778747559, -0.010602396912872791)	30.247946307062907	-0.0593096986413002	0	0	0.07488235964707823	0.07488235964707823	6.910641757627048	25	False	0	nan	0.7009145420821368
7.211000233888626	(4.799041748046875, 43.88301086425781, -27.771507263183594)	(0.011636953800916672, 0.9998564124107361, -0.012319959700107574)	(0.03839312866330147, 6.514174938201904, -0.028715059161186218)	15.078238807618748	-0.029565174132585526	0	0	0	0	6.637691097009392	23	False	0	nan	0.6797549178896565
7.444250240921974	(4.780123710632324, 45.423622131347656, -27.771841049194336)	(-0.006461074110120535, 0.9999451041221619, -0.008243357762694359)	(-0.25231385231018066, 6.772080421447754, 0.001959565095603466)	65.69377772362012	-0.1489702359818769	0	0	0.12653897112726997	0.12653897112726997	6.674417987008118	24	False	0	nan	0.6427822331567068
7.677750248461962	(4.6740264892578125, 46.99945831298828, -27.773500442504883)	(-0.053515564650297165, 0.9985259771347046, -0.009053042158484459)	(-0.6386117339134216, 6.67809534072876, -0.0030280668288469315)	85.40941536426533	-0.16746944189071655	0	0	0.05035398603281194	0.05035398603281194	6.687126112211937	24	False	0	nan	0.6371731040119542
7.91100025549531	(4.500226974487305, 48.54446029663086, -27.771852493286133)	(-0.09691226482391357, 0.995247483253479, -0.009506454691290855)	(-0.8597350716590881, 6.609886646270752, 0.00716086570173502)	63.475909307599196	-0.1244625672698021	0	0	0.06290906934861007	0.06290906934861007	6.717774611741184	24	False	0	nan	0.6410411421835027
8.144250262528658	(4.261197566986084, 50.07207107543945, -27.773887634277344)	(-0.14105753600597382, 0.9899467825889587, -0.010398280806839466)	(-1.2140514850616455, 6.4546613693237305, 0.004178058356046677)	88.59907820820804	-0.17372368276119232	0	0	0.048220082047888635	0.048220082047888635	6.597790598363698	24	False	0	nan	0.6462347223121849
8.378750272095203	(3.963151693344116, 51.575496673583984, -27.77103614807129)	(-0.1800459921360016, 0.9836153984069824, -0.009179539978504181)	(-1.3299753665924072, 6.410333633422852, -0.010067405179142952)	45.843639448284904	-0.08988948911428452	0	0	0.070319879746773	0.070319879746773	6.59137780307017	24	False	0	nan	0.6527675278749738
8.611500278115273	(3.6422007083892822, 53.06194305419922, -27.77072525024414)	(-0.20309649407863617, 0.9791234731674194, -0.008310229517519474)	(-1.4310826063156128, 6.415258884429932, 0.01581447757780552)	34.72052671015256	-0.06807946413755417	0	0	0.07376518656274356	0.07376518656274356	6.6219525288061885	24	False	0	nan	0.6407814995414585
8.844000283628702	(3.2867777347564697, 54.550479888916016, -27.77093505859375)	(-0.22485271096229553, 0.9743551015853882, -0.008570097386837006)	(-1.5905520915985107, 6.381124019622803, 0.00011589983478188515)	40.79955071210861	-0.07999911904335022	0	0	0.0720001409522879	0.0720001409522879	6.5570458076674765	24	False	0	nan	0.6241776923960471
9.07725029066205	(2.882244348526001, 56.0267333984375, -27.77239227294922)	(-0.2544329762458801, 0.9670450091362, -0.009371872060000896)	(-1.8734979629516602, 6.27230978012085, -0.009322147816419601)	68.99469137191767	-0.1352837085723877	0	0	0.0600983181949013	0.0600983181949013	6.616322206786145	24	False	0	nan	0.6212078928196831
9.311000298708677	(2.4292242527008057, 57.49186706542969, -27.770795822143555)	(-0.2844541370868683, 0.9586498141288757, -0.008738725446164608)	(-2.000117778778076, 6.237887382507324, 0.00448328023776412)	40.69726780056965	-0.07979856431484222	0	0	0.07203218913329001	0.07203218913329001	6.545049046853703	24	False	0	nan	0.6291077602943369
9.543500304222107	(1.9473490715026855, 58.939395904541016, -27.771018981933594)	(-0.307981014251709, 0.951353907585144, -0.008564630523324013)	(-2.166621685028076, 6.208619117736816, -0.013383337296545506)	42.102618589997384	-0.0825541540980339	0	0	0.07158481164115815	0.07158481164115815	6.630589995922887	24	False	0	nan	0.6341697734161782
9.776000309735537	(1.4289336204528809, 60.378055572509766, -27.77083396911621)	(-0.3307090699672699, 0.9436934590339661, -0.008602969348430634)	(-2.2893433570861816, 6.175655364990234, 0.0027055623941123486)	41.04971028864399	-0.0804896280169487	0	0	0.07192141978169331	0.07192141978169331	6.6067071171574705	24	False	0	nan	0.6416417316611067
10.010500319302082	(0.8706632852554321, 61.82201385498047, -27.770769119262695)	(-0.35279151797294617, 0.9356653690338135, -0.008272646926343441)	(-2.447594165802002, 6.1434550285339355, 0.00308774271979928)	38.846193328499886	-0.07616900652647018	0	0	0.07259828244477062	0.07259828244477062	6.709732125867578	24	False	0	nan	0.6492848348117315
10.245250329375267	(0.2919313311576843, 63.262630462646484, -27.769821166992188)	(-0.367601603269577, 0.9299497008323669, -0.00791732594370842)	(-2.494523286819458, 6.150667667388916, 0.008120652288198471)	17.246807143092187	-0.033817268908023834	0	0	0.07725639232360249	0.07725639232360249	6.696433653029704	24	False	0	nan	0.6413772383925274
10.479750338941813	(-0.3118535876274109, 64.69841766357422, -27.771142959594727)	(-0.3830774128437042, 0.9236771464347839, -0.008490975014865398)	(-2.6459693908691406, 6.107409477233887, 0.004589200019836426)	41.82295739650738	-0.08200579881668091	0	0	0.07167504896043808	0.07167504896043808	6.618326978517135	24	False	0	nan	0.622275176317576
10.713750347495079	(-0.9647973775863647, 66.1087875366211, -27.77231788635254)	(-0.4113267958164215, 0.9114382266998291, -0.009515800513327122)	(-2.902233839035034, 5.948692321777344, 0.0010556138586252928)	66.79100722074507	-0.13096275925636292	0	0	0.061248755687959955	0.061248755687959955	6.7429361361188676	24	False	0	nan	0.6219203964636701
10.947250355035067	(-1.6713184118270874, 67.48210906982422, -27.771923065185547)	(-0.4459541440010071, 0.8950086832046509, -0.009184353053569794)	(-3.136336326599121, 5.826329708099365, 0.008649520576000214)	64.10729482769959	-0.12570057809352875	0	0	0.0625993646669527	0.0625993646669527	6.550603572249386	24	False	0	nan	0.6491356000342408
11.180750362575054	(-2.415537118911743, 68.83536529541016, -27.77069854736328)	(-0.47255420684814453, 0.8812581896781921, -0.008749731816351414)	(-3.214661121368408, 5.756775856018066, 0.0006718131480738521)	40.213610753416965	-0.07885021716356277	0	0	0.07218264325325907	0.07218264325325907	6.657551968581027	24	False	0	nan	0.6818715154623274
11.415750373154879	(-3.183734178543091, 70.18391418457031, -27.76993751525879)	(-0.4888761639595032, 0.8723134398460388, -0.008321183733642101)	(-3.3164820671081543, 5.7263312339782715, -0.007083299569785595)	25.43865837156761	-0.04987972229719162	0	0	0.07591201330355513	0.07591201330355513	6.69873793028867	24	False	0	nan	0.6997890251653012
11.648750379681587	(-3.95048451423645, 71.52396392822266, -27.76885986328125)	(-0.4938996136188507, 0.8694826364517212, -0.007942194119095802)	(-3.288418769836426, 5.784454822540283, 0.004398914985358715)	-3.405188703909772	0.006676840595901012	0	0	0.07835541979965699	0.07835541979965699	6.627343472401005	24	False	0	nan	0.680234343460058
11.882250387221575	(-4.738495349884033, 72.87012481689453, -27.771583557128906)	(-0.5026994943618774, 0.8644207119941711, -0.008358336053788662)	(-3.485764741897583, 5.72300386428833, 0.004570521879941225)	43.59691880643349	-0.08548415452241898	0	0	0.07109245932558728	0.07109245932558728	6.632128660524348	24	False	0	nan	0.6321559799376992
12.116000395268202	(-5.567248344421387, 74.19544982910156, -27.7708740234375)	(-0.5235569477081299, 0.8519498109817505, -0.008346454240381718)	(-3.6170856952667236, 5.6473493576049805, 0.02576306462287903)	40.39344750344753	-0.07920283824205399	0	0	0.07212691041440311	0.07212691041440311	6.728187572044183	24	False	0	nan	0.5866442975385611
12.34900040179491	(-6.437043190002441, 75.4841079711914, -27.77334976196289)	(-0.5509986877441406, 0.8344460129737854, -0.010021879337728024)	(-3.8445003032684326, 5.350255489349365, 0.0006815535016357899)	84.12601616560873	-0.17726090550422668	0	0	0.04697857137982164	0.04697857137982164	6.640731088463344	24	False	0	nan	0.5547117188481556
12.582750409841537	(-7.368769645690918, 76.7021713256836, -27.773391723632812)	(-0.5937983393669128, 0.804543137550354, -0.010676582343876362)	(-4.098251819610596, 5.072930812835693, 0.02738288789987564)	90.3082112967967	-0.17707492411136627	0	0	0.0470444712509539	0.0470444712509539	6.516257181902617	23	False	0	nan	0.5841433858515688
12.81375041976571	(-8.3483247756958, 77.87910461425781, -27.770299911499023)	(-0.6273507475852966, 0.778709888458252, -0.006479112431406975)	(-4.39877462387085, 5.154948711395264, -0.010522166267037392)	56.588566079735784	-0.11095797270536423	0	0	0.14128832829311566	0.14128832829311566	6.766050107303556	24	False	0	nan	0.6511952698044892
13.046000424772501	(-9.38421630859375, 79.07367706298828, -27.769935607910156)	(-0.6478604078292847, 0.761724591255188, -0.007253715302795172)	(-4.49486780166626, 5.095165252685547, 0.010294103994965553)	33.5908511281013	-0.06586441397666931	0	0	0.07406187897150995	0.07406187897150995	6.82622897631945	24	False	0	nan	0.7243058932436144
13.277750428766012	(-10.426462173461914, 80.25977325439453, -27.76923942565918)	(-0.6568295359611511, 0.7539988160133362, -0.007786526344716549)	(-4.509544372558594, 5.114221572875977, -0.00782538391649723)	6.678465111181253	-0.013095029629766941	0	0	0.07822852019899551	0.07822852019899551	6.84575809263502	25	False	0	nan	0.7770270010353937
13.51100043579936	(-11.46296501159668, 81.42623138427734, -27.7722110748291)	(-0.662564218044281, 0.7489084601402283, -0.012036801315844059)	(-4.349936485290527, 4.833871364593506, -0.012158624827861786)	17.597252838313448	-0.03450441733002663	0	0	0	0	6.54415456481936	23	False	0	nan	0.805224992593915
13.744750443845987	(-12.501163482666016, 82.57014465332031, -27.769237518310547)	(-0.6695156693458557, 0.7427641153335571, -0.007092560641467571)	(-4.611255645751953, 5.006030559539795, 0.016488535329699516)	14.963530562817969	-0.02934025600552559	0	0	0.1527391493775302	0.1527391493775302	6.909940632545778	25	False	0	nan	0.8144311547370067
13.978500451892614	(-13.578064918518066, 83.71260833740234, -27.77323341369629)	(-0.6822718381881714, 0.7310108542442322, -0.011327075771987438)	(-4.558940410614014, 4.672628402709961, -0.005999308079481125)	48.966638669371584	-0.09601301699876785	0	0	0	0	6.488946946066122	24	False	0	nan	0.8136117214065148
14.211500458419323	(-14.636880874633789, 84.79638671875, -27.76978302001953)	(-0.6940136551856995, 0.719891369342804, -0.010068652220070362)	(-4.569882392883301, 4.689805030822754, -0.009833051823079586)	8.267347477376411	-0.016210485249757767	0	0	0.07813722016796742	0.07813722016796742	6.612274219814518	24	False	0	nan	0.8008524155705219
14.44500046595931	(-15.71524429321289, 85.87857055664062, -27.771434783935547)	(-0.7027967572212219, 0.7113352417945862, -0.00888961460441351)	(-4.721755027770996, 4.581448554992676, 0.030391855165362358)	41.55382543802268	-0.08147808909416199	0	0	0.07176132099756383	0.07176132099756383	6.614686882466083	24	False	0	nan	0.7600136924997427
14.678750474005938	(-16.833894729614258, 86.92581176757812, -27.772235870361328)	(-0.7231579422950745, 0.6906223297119141, -0.009131258353590965)	(-4.873137474060059, 4.3686981201171875, -0.0007183838170021772)	60.491853430866996	-0.11861147731542587	0	0	0.0643313174490523	0.0643313174490523	6.684956290637495	24	False	0	nan	0.724878562158038
14.911250479519367	(-17.979717254638672, 87.93087005615234, -27.771228790283203)	(-0.7443554997444153, 0.6677270531654358, -0.008681081235408783)	(-4.987807273864746, 4.251626014709473, 0.010534372180700302)	48.507186323404454	-0.09511213004589081	0	0	0.06935368271813358	0.06935368271813358	6.508825454223739	24	False	0	nan	0.6878227064916551
15.144500486552715	(-19.158344268798828, 88.90800476074219, -27.771141052246094)	(-0.7632075548171997, 0.6460936069488525, -0.008793026208877563)	(-5.103704929351807, 4.117508411407471, 0.00659040454775095)	49.18065458536143	-0.0964326560497284	0	0	0.06910074284719481	0.06910074284719481	6.656836205392565	24	False	0	nan	0.6362897159203225
15.378500495105982	(-20.371631622314453, 89.83625793457031, -27.77384376525879)	(-0.7866122126579285, 0.617361307144165, -0.01031099446117878)	(-5.230281352996826, 3.788177013397217, -0.02666662633419037)	91.67959958284514	-0.18679989874362946	0	0	0.04350579782936981	0.04350579782936981	6.141394221119814	23	False	0	nan	0.5821193725687206
15.613250505179167	(-21.644481658935547, 90.67522430419922, -27.774200439453125)	(-0.8230286836624146, 0.5679341554641724, -0.008635899983346462)	(-5.649385452270508, 3.4073898792266846, -0.030710946768522263)	127.58244037628177	-0.25016164779663086	0	0	0.09101914997167437	0.09101914997167437	6.38938442491663	24	False	0	nan	0.5665816865294113
15.847500514239073	(-22.976131439208984, 91.43610382080078, -27.772520065307617)	(-0.8566012382507324, 0.5159013867378235, -0.008940882049500942)	(-5.701081275939941, 3.09621262550354, -0.02455548197031021)	82.82137423753727	-0.16239485144615173	0	0	0.052027912223782335	0.052027912223782335	6.4713089959807615	23	False	0	nan	0.5721070725732467
16.08075052127242	(-24.33908462524414, 92.13652801513672, -27.771894454956055)	(-0.8812322616577148, 0.47263914346694946, -0.006484181620180607)	(-6.042787075042725, 2.9174985885620117, -0.015512452460825443)	86.40843495726597	-0.16942830383777618	0	0	0.12489404985865415	0.12489404985865415	6.757034665465326	24	False	0	nan	0.5612480847726093
16.31425052881241	(-25.7547664642334, 92.75541687011719, -27.776111602783203)	(-0.9082944989204407, 0.4181795120239258, -0.011271225288510323)	(-6.033498287200928, 2.341697931289673, -0.04041843116283417)	129.24199447361357	-0.26212283968925476	0	0	0.009691616913241274	0.009691616913241274	6.2813805219181775	23	False	0	nan	0.5532981940168096
16.548500537872314	(-27.196056365966797, 93.26051330566406, -27.773086547851562)	(-0.9350413084030151, 0.3544391095638275, -0.008401592262089252)	(-6.307964324951172, 2.002332925796509, -0.029020700603723526)	106.99339717626559	-0.20979097485542297	0	0	0.10958774686921124	0.10958774686921124	6.518923315175934	24	False	0	nan	0.5628347763282944
16.78225054591894	(-28.658252716064453, 93.65887451171875, -27.77718734741211)	(-0.9579651355743408, 0.28661128878593445, -0.012517010793089867)	(-6.16562557220459, 1.3470914363861084, -0.015836555510759354)	146.52418076992058	-0.28730231523513794	0	0	0	0	6.162836372112089	23	False	0	nan	0.5895720457741853
17.017000555992126	(-30.1154842376709, 93.9288330078125, -27.774093627929688)	(-0.9772627353668213, 0.21182186901569366, -0.009439590387046337)	(-6.337328910827637, 0.9558930993080139, 0.013345927931368351)	126.12386584281916	-0.24730169773101807	0	0	0.09244187029935613	0.09244187029935613	6.391764467133423	23	False	0	nan	0.6595306455855898
17.251250565052032	(-31.625648498535156, 94.12838745117188, -27.770832061767578)	(-0.9880244135856628, 0.1542016565799713, -0.005437305197119713)	(-6.588191032409668, 0.7684268355369568, -0.004314051475375891)	69.9998286366462	-0.13725456595420837	0	0	0.13476118412472182	0.13476118412472182	6.6470499677127615	24	False	0	nan	0.7367264978545798
17.486000575125217	(-33.18281173706055, 94.28978729248047, -27.771371841430664)	(-0.9931987524032593, 0.11621837317943573, -0.007044272962957621)	(-6.6028876304626465, 0.5821502208709717, -0.0010803176555782557)	56.33745275437817	-0.11046559363603592	0	0	0.06619735262263826	0.06619735262263826	6.674944186436684	24	False	0	nan	0.7888379116078004
17.72125058621168	(-34.740562438964844, 94.41695404052734, -27.77025032043457)	(-0.9958668947219849, 0.09046969562768936, -0.008027266710996628)	(-6.624318599700928, 0.5117623805999756, 0.0037676068022847176)	32.69969634713392	-0.06411705166101456	0	0	0.07428900368629887	0.07428900368629887	6.655467792686908	24	False	0	nan	0.8080480577498297
17.955250594764948	(-36.29064178466797, 94.5055160522461, -27.77167510986328)	(-0.9978291392326355, 0.06526284664869308, -0.008827049285173416)	(-6.633236885070801, 0.2657202482223511, -0.003612885717302561)	54.08776827156563	-0.10605444759130478	0	0	0.06715245414610327	0.06715245414610327	6.747801721638658	24	False	0	nan	0.8033033500347087
18.189000602811575	(-37.8463134765625, 94.5428466796875, -27.771343231201172)	(-0.9993768930435181, 0.0342288464307785, -0.008617069572210312)	(-6.651483535766602, 0.048152290284633636, -0.001454676385037601)	50.81777013838275	-0.09964268654584885	0	0	0.0684713350179258	0.0684713350179258	6.744969296970806	24	False	0	nan	0.7920337143576279
18.4240006133914	(-39.40755081176758, 94.53154754638672, -27.771379470825195)	(-0.9999557733535767, 0.003017727518454194, -0.008904175832867622)	(-6.6509599685668945, -0.1526375561952591, 0.01193650346249342)	53.48545119166372	-0.10487343370914459	0	0	0.06740156290205368	0.06740156290205368	6.623905324853837	24	False	0	nan	0.7729583748947018
18.658500622957945	(-40.95793914794922, 94.456787109375, -27.773168563842773)	(-0.999313473701477, -0.035715363919734955, -0.00984198972582817)	(-6.561107635498047, -0.505217969417572, 0.00617890153080225)	82.99784436821953	-0.16274087131023407	0	0	0.05191540880518586	0.05191540880518586	6.753060329559418	24	False	0	nan	0.7659738818924196
18.894250635057688	(-42.49806213378906, 94.32659149169922, -27.77052879333496)	(-0.9974130392074585, -0.07136788219213486, -0.008601764217019081)	(-6.565642356872559, -0.6063182950019836, 0.006299735512584448)	37.15318657457835	-0.07284938544034958	0	0	0.07309296704096346	0.07309296704096346	6.592801952997601	24	False	0	nan	0.7654728349606086
19.128250643610954	(-44.02589416503906, 94.16905975341797, -27.770872116088867)	(-0.9954845309257507, -0.09453409910202026, -0.008595691993832588)	(-6.529468536376953, -0.7378246188163757, -0.0012553413398563862)	40.28124712407584	-0.07898283749818802	0	0	0.0721617113807349	0.0721617113807349	6.681718283507101	24	False	0	nan	0.7455293341513942
19.36200065165758	(-45.553253173828125, 93.97225189208984, -27.770896911621094)	(-0.9928532838821411, -0.119045190513134, -0.008396875113248825)	(-6.524142742156982, -0.9381461143493652, -0.004007138777524233)	44.205342158675336	-0.08667714148759842	0	0	0.07088707314353893	0.07088707314353893	6.6127893973770435	24	False	0	nan	0.717337711722779
19.59550065919757	(-47.073341369628906, 93.73829650878906, -27.770809173583984)	(-0.9895720481872559, -0.14380085468292236, -0.008275888860225677)	(-6.524000644683838, -1.0826445817947388, 0.023212868720293045)	41.19026094675062	-0.08076521754264832	0	0	0.07187697963528872	0.07187697963528872	6.607084671250888	24	False	0	nan	0.6797752567319049
19.829250667244196	(-48.59685134887695, 93.45689392089844, -27.77150535583496)	(-0.9850084185600281, -0.17227162420749664, -0.008981771767139435)	(-6.461255073547363, -1.3137983083724976, 0.013456937856972218)	57.07652449607839	-0.1119147539138794	0	0	0.06587508785639584	0.06587508785639584	6.664245673257985	24	False	0	nan	0.6400225287739572
20.06375067681074	(-50.103885650634766, 93.11566162109375, -27.772056579589844)	(-0.9779222011566162, -0.20875564217567444, -0.009444762952625751)	(-6.388027667999268, -1.596164584159851, 0.01259513571858406)	68.6336727440359	-0.13457582890987396	0	0	0.06028934627322036	0.06028934627322036	6.503251801217394	24	False	0	nan	0.6128689954991271
20.298750687390566	(-51.57908630371094, 92.70183563232422, -27.77420425415039)	(-0.966856062412262, -0.25509101152420044, -0.010853839106857777)	(-6.123033046722412, -1.9333596229553223, 0.0006201399955898523)	100.55788770318026	-0.19717232882976532	0	0	0.03952307274384692	0.03952307274384692	6.364737094628902	23	False	0	nan	0.6132620518971577
20.530750691890717	(-53.01384353637695, 92.21642303466797, -27.77124786376953)	(-0.9529408812522888, -0.30307814478874207, -0.006878613028675318)	(-6.280106067657471, -2.263310194015503, -0.01419623289257288)	73.90313878655414	-0.1449081152677536	0	0	0.1326016381295474	0.1326016381295474	6.69757632514456	24	False	0	nan	0.6414093052494096
20.763500697910786	(-54.46089172363281, 91.6478042602539, -27.773618698120117)	(-0.9364814162254333, -0.3506016135215759, -0.008996214717626572)	(-6.06141996383667, -2.6024858951568604, -0.02340909279882908)	92.07429572939877	-0.18053783476352692	0	0	0.04580609021889748	0.04580609021889748	6.541388458951979	24	False	0	nan	0.6897803335787804
20.997000705450773	(-55.86435317993164, 91.02174377441406, -27.771703720092773)	(-0.9196314215660095, -0.39267393946647644, -0.00923063699156046)	(-5.9606475830078125, -2.75213885307312, -0.01635873131453991)	61.30919717252238	-0.12021411210298538	0	0	0.06394856725129094	0.06394856725129094	6.5184375484539325	24	False	0	nan	0.7550125250204194
21.23150071501732	(-57.25794219970703, 90.37274932861328, -27.769582748413086)	(-0.9102417826652527, -0.4139932096004486, -0.008339742198586464)	(-5.951923847198486, -2.7851665019989014, 0.005720862187445164)	14.830452203750772	-0.029079318046569824	0	0	0.07755439326194646	0.07755439326194646	6.632772659688926	24	False	0	nan	0.7972985566708848
21.465000722557306	(-58.64861297607422, 89.71471405029297, -27.769989013671875)	(-0.9055115580558777, -0.4242410957813263, -0.008263279683887959)	(-5.948258399963379, -2.8763954639434814, 0.014205465093255043)	21.00967682898059	-0.04119544476270676	0	0	0.07670293533080286	0.07670293533080286	6.734357995600692	24	False	0	nan	0.8029206075315765
21.698250729590654	(-60.03532409667969, 89.03034973144531, -27.770221710205078)	(-0.8990188241004944, -0.43783101439476013, -0.008319322019815445)	(-5.928988933563232, -2.983673572540283, -0.019722312688827515)	29.014842174947372	-0.056891847401857376	0	0	0.07516331769920381	0.07516331769920381	6.644132720976434	24	False	0	nan	0.7886553172479991
21.931750737130642	(-61.41658401489258, 88.3086929321289, -27.770967483520508)	(-0.8895416855812073, -0.4567757546901703, -0.008451111614704132)	(-5.85237979888916, -3.1655890941619873, -0.011689143255352974)	41.60571165382876	-0.08157982677221298	0	0	0.0717447318638158	0.0717447318638158	6.7504353363469995	24	False	0	nan	0.7644019318609938
22.16500074416399	(-62.773704528808594, 87.55220794677734, -27.771148681640625)	(-0.8774561285972595, -0.479582279920578, -0.008463532663881779)	(-5.776935577392578, -3.3478002548217773, -0.01802956685423851)	44.09232102334483	-0.08645553141832352	0	0	0.07092544108717536	0.07092544108717536	6.775823367136922	24	False	0	nan	0.7350303971612184
22.398500751703978	(-64.10414123535156, 86.74444580078125, -27.773204803466797)	(-0.8603717088699341, -0.509573757648468, -0.009754922240972519)	(-5.553508758544922, -3.59126353263855, -0.022139571607112885)	84.67162001449799	-0.16676031053066254	0	0	0.05059099883171703	0.05059099883171703	6.5097326053512745	24	False	0	nan	0.7156309120455813
22.633250761777163	(-65.38574981689453, 85.88287353515625, -27.77194595336914)	(-0.8379673957824707, -0.5456345677375793, -0.009680640883743763)	(-5.393718242645264, -3.7631242275238037, -0.00872802548110485)	63.35511378943908	-0.12422571331262589	0	0	0.06296797215196936	0.06296797215196936	6.711352623138728	24	False	0	nan	0.7190801230791843
22.86700076982379	(-66.64112091064453, 84.99764251708984, -27.770225524902344)	(-0.8229203224182129, -0.5680936574935913, -0.008475297130644321)	(-5.352980136871338, -3.824592351913452, 0.002817239612340927)	28.67605235427613	-0.05622755363583565	0	0	0.07523846221212926	0.07523846221212926	6.523702907054862	24	False	0	nan	0.705995255449333
23.101000778377056	(-67.88033294677734, 84.08357238769531, -27.771642684936523)	(-0.809299111366272, -0.5873288512229919, -0.008934841491281986)	(-5.236504554748535, -3.9821531772613525, 0.0033042700961232185)	54.192163869738756	-0.10625914484262466	0	0	0.06710899413731419	0.06710899413731419	6.714015938413058	24	False	0	nan	0.6713574694176663
23.334250785410404	(-69.05635070800781, 83.12875366210938, -27.77486228942871)	(-0.7847092151641846, -0.6197513937950134, -0.011819087900221348)	(-4.834766864776611, -4.186298847198486, -0.02678319253027439)	103.34915804448028	-0.22209400736349022	0	0	0.023965783761992432	0.023965783761992432	6.0938538894961685	23	False	0	nan	0.650807752196715
23.566000789403915	(-70.13407135009766, 82.10155487060547, -27.774551391601562)	(-0.7407186031341553, -0.6717461347579956, -0.009654535911977291)	(-4.502480983734131, -4.681623935699463, 0.02942442148923874)	133.2540312409402	-0.26128241419792175	0	0	0.08533150003090562	0.08533150003090562	6.519358579150192	23	False	0	nan	0.6892524935764095
23.798250798135996	(-71.17203521728516, 80.97758483886719, -27.771162033081055)	(-0.6963253021240234, -0.7177018523216248, -0.005946828052401543)	(-4.457760334014893, -5.030063152313232, 0.007029864937067032)	81.10616147518152	-0.1590316891670227	0	0	0.12830892184068343	0.12830892184068343	6.796879527235454	24	False	0	nan	0.7572690947299026
24.031000804156065	(-72.18744659423828, 79.79076385498047, -27.772125244140625)	(-0.6621575355529785, -0.7493236064910889, -0.007840858772397041)	(-4.217328071594238, -5.1329803466796875, -5.311775021255016e-05)	73.13184097409254	-0.14339576661586761	0	0	0.05783765411664765	0.05783765411664765	6.649349380708518	24	False	0	nan	0.8060593380400367
24.263500809669495	(-73.1394271850586, 78.58354187011719, -27.772031784057617)	(-0.6303156614303589, -0.7762851119041443, -0.009145360440015793)	(-3.9956538677215576, -5.299013137817383, 0.018156742677092552)	68.46888318657865	-0.13425271213054657	0	0	0.06037620928559262	0.06037620928559262	6.686780333553188	24	False	0	nan	0.8285529739590094
24.497000817209482	(-74.04571533203125, 77.33786010742188, -27.7719783782959)	(-0.5992744565010071, -0.8004868626594543, -0.009534001350402832)	(-3.765212297439575, -5.388601779937744, 0.01829715073108673)	65.31269654631613	-0.1280641108751297	0	0	0.06199958350576251	0.06199958350576251	6.601575109934515	24	False	0	nan	0.8129857150928488
24.729500822722912	(-74.87565612792969, 76.07136535644531, -27.775075912475586)	(-0.5608167052268982, -0.8278552889823914, -0.011837732046842575)	(-3.302436590194702, -5.447520732879639, -0.03545481711626053)	109.22742877633449	-0.22714845836162567	0	0	0.026803577863936834	0.026803577863936834	6.393997878234821	23	False	0	nan	0.7650551042277651
24.96250082924962	(-75.61099243164062, 74.7607192993164, -27.772851943969727)	(-0.5087544322013855, -0.8608732223510742, -0.008148765191435814)	(-3.0457606315612793, -5.823052406311035, 0.02553636208176613)	104.26458880305285	-0.20444037020206451	0	0	0.11180413503164277	0.11180413503164277	6.551618251364202	24	False	0	nan	0.7044124106474732
25.19550083577633	(-76.2530517578125, 73.3990707397461, -27.776674270629883)	(-0.4481423795223236, -0.8938776850700378, -0.012289096601307392)	(-2.4472086429595947, -5.774600505828857, -0.015437047928571701)	140.01095026731514	-0.2745312750339508	0	0	0.0030325790282332843	0.0030325790282332843	6.097165904866566	23	False	0	nan	0.6288134184743301
25.42800084128976	(-76.75410461425781, 72.03413391113281, -27.77526092529297)	(-0.37436240911483765, -0.9272196292877197, -0.01079665869474411)	(-1.9129422903060913, -5.998357772827148, 0.035213783383369446)	146.36358618736267	-0.28698742389678955	0	0	0.07123821852508438	0.07123821852508438	6.309906926404945	23	False	0	nan	0.5786227669097652
25.661500848829746	(-77.13713836669922, 70.62071990966797, -27.77541732788086)	(-0.2937732934951782, -0.9558253288269043, -0.009759681299328804)	(-1.385049819946289, -6.118195533752441, -0.003099297173321247)	152.29994684457793	-0.2986273467540741	0	0	0.06442170777062195	0.06442170777062195	6.207659120044085	23	False	0	nan	0.560685940594903
25.895000856369734	(-77.40762329101562, 69.17446899414062, -27.7740421295166)	(-0.21585054695606232, -0.9763917922973633, -0.008218503557145596)	(-0.9205052256584167, -6.255642414093018, -0.006721132900565863)	134.56531047821042	-0.2638535499572754	0	0	0.08398130417494354	0.08398130417494354	6.2231203944653215	23	False	0	nan	0.5742250313258295
26.12925086542964	(-77.60237884521484, 67.67584991455078, -27.770854949951172)	(-0.1539241522550583, -0.988068699836731, -0.005242033861577511)	(-0.7602735757827759, -6.529932022094727, 0.01732204109430313)	78.99000182747854	-0.15488235652446747	0	0	0.1296114556374277	0.1296114556374277	6.6109019819940835	24	False	0	nan	0.5922517813149153
26.363000873476267	(-77.73599243164062, 66.14569091796875, -27.77298355102539)	(-0.10448499768972397, -0.9944937825202942, -0.008067319169640541)	(-0.41519418358802795, -6.493116855621338, 0.0023783473297953606)	86.52632743120206	-0.16965946555137634	0	0	0.04961566574882137	0.04961566574882137	6.369284045074695	23	False	0	nan	0.6014198758484874
26.596750881522894	(-77.80636596679688, 64.5981216430664, -27.770652770996094)	(-0.061210718005895615, -0.9981065392494202, -0.006048478186130524)	(-0.21787665784358978, -6.754438877105713, 0.009540135972201824)	64.44006577134127	-0.12635307013988495	0	0	0.13763490166622527	0.13763490166622527	6.906334204407956	24	False	0	nan	0.6079856581424568
26.83050088956952	(-77.8212890625, 63.01060485839844, -27.771480560302734)	(-0.02216513454914093, -0.9997250437736511, -0.007641986943781376)	(0.07737130671739578, -6.757115364074707, -0.01102630514651537)	64.63909909129146	-0.12674333155155182	0	0	0.062336127907213434	0.062336127907213434	6.799501282154551	24	False	0	nan	0.6093630713288949
27.062000900506973	(-77.78681182861328, 61.454681396484375, -27.771034240722656)	(0.011159639805555344, -0.9999006986618042, -0.008596491068601608)	(0.2719667851924896, -6.761163711547852, -0.018490523099899292)	49.64197643101222	-0.09733720868825912	0	0	0.06892546780477837	0.06892546780477837	6.724685175091801	24	False	0	nan	0.6045340382030497
27.294000908732414	(-77.6963882446289, 59.891510009765625, -27.77245330810547)	(0.04682847484946251, -0.9988556504249573, -0.009719017893075943)	(0.5358000993728638, -6.693607807159424, -0.002364646177738905)	71.55074581503874	-0.1402955800294876	0	0	0.05871715022418966	0.05871715022418966	6.739000781598828	24	False	0	nan	0.6055807688448975
27.52850091829896	(-77.53800201416016, 58.32933044433594, -27.77208709716797)	(0.0879683867096901, -0.996077299118042, -0.009574446827173233)	(0.7963787913322449, -6.618189334869385, 0.017355792224407196)	66.84273764491061	-0.13106419146060944	0	0	0.06122217771677674	0.06122217771677674	6.668953059566685	24	False	0	nan	0.6288637488823223
27.762500926852226	(-77.30912780761719, 56.79411697387695, -27.773441314697266)	(0.13329605758190155, -0.9910229444503784, -0.010278252884745598)	(1.1681278944015503, -6.459740161895752, 0.0008822821546345949)	87.24788591265681	-0.1710742861032486	0	0	0.04913358863426387	0.04913358863426387	6.5340301694374565	24	False	0	nan	0.6834666122376067
27.996000934392214	(-77.02702331542969, 55.293251037597656, -27.77083969116211)	(0.17099890112876892, -0.9852293133735657, -0.009075984358787537)	(1.2667641639709473, -6.44178581237793, 0.00703332107514143)	41.36188633739933	-0.08110173791646957	0	0	0.07182250810692836	0.07182250810692836	6.576783093659947	24	False	0	nan	0.7578741756529135
28.229250941425562	(-76.72701263427734, 53.7918815612793, -27.770048141479492)	(0.18925940990447998, -0.9818916916847229, -0.008342020213603973)	(1.3384478092193604, -6.438627243041992, -0.011319821700453758)	23.843857347965418	-0.04675266146659851	0	0	0.07621418864578966	0.07621418864578966	6.648660072558323	24	False	0	nan	0.8158264489107849
28.46250094845891	(-76.41011810302734, 52.28479766845703, -27.769723892211914)	(0.20141953229904175, -0.9794710874557495, -0.008165791630744934)	(1.4030803442001343, -6.462530612945557, 0.008397933095693588)	18.993695005774644	-0.03724253922700882	0	0	0.07701299327192479	0.07701299327192479	6.717962596628734	24	False	0	nan	0.857243547318989
28.695750955492258	(-76.0767593383789, 50.77552032470703, -27.76970100402832)	(0.2117147147655487, -0.9772980809211731, -0.008079958148300648)	(1.435509204864502, -6.4899091720581055, -0.004715722985565662)	17.16914311051349	-0.03366498649120331	0	0	0.07726666868454712	0.07726666868454712	6.705443298034952	24	False	0	nan	0.8837037493566173
28.929250963032246	(-75.72064971923828, 49.256832122802734, -27.770225524902344)	(0.2239890843629837, -0.9745582342147827, -0.008062347769737244)	(1.570057988166809, -6.494142532348633, -0.007734276819974184)	24.133346714079526	-0.04732028767466545	0	0	0.07616079037438694	0.07616079037438694	6.758880855734659	24	False	0	nan	0.8992514657094475
29.162250969558954	(-75.33431243896484, 47.742454528808594, -27.770893096923828)	(0.24161380529403687, -0.9703380465507507, -0.008172568865120411)	(1.7340482473373413, -6.480937957763672, -0.00631044851616025)	34.88929465413111	-0.06841038167476654	0	0	0.07372001967911279	0.07372001967911279	6.832347948271955	24	False	0	nan	0.9149731702656627
29.394500974565744	(-74.92012786865234, 46.236732482910156, -27.77012825012207)	(0.2592984139919281, -0.9657625555992126, -0.008191733621060848)	(1.8570306301116943, -6.485363960266113, -0.006560604088008404)	26.63794051855799	-0.052231255918741226	0	0	0.075671895905151	0.075671895905151	6.854380611719302	24	False	0	nan	0.9321967354989897
29.62875098362565	(-74.47064208984375, 44.714073181152344, -27.770305633544922)	(0.2774451971054077, -0.9607036113739014, -0.008519629016518593)	(2.013848304748535, -6.461693286895752, 0.006542752496898174)	33.9310468733311	-0.0665314644575119	0	0	0.07397356423713886	0.07397356423713886	6.856741455503671	24	False	0	nan	0.9507134112419728
29.863500993698835	(-73.99140930175781, 43.202178955078125, -27.769922256469727)	(0.29606547951698303, -0.9551284909248352, -0.008650742471218109)	(2.1250452995300293, -6.454463005065918, -0.016779378056526184)	30.639013722539044	-0.06007649749517441	0	0	0.07479081444871238	0.07479081444871238	6.83522101227162	24	False	0	nan	0.9704770424106963
30.095750998705626	(-73.4980697631836, 41.70254135131836, -27.76942253112793)	(0.3082304298877716, -0.9512752294540405, -0.008335121907293797)	(2.1571316719055176, -6.466647624969482, 0.005392596125602722)	14.340572990477083	-0.028118770569562912	0	0	0.07760933474165632	0.07760933474165632	6.872506713199822	25	False	0	nan	0.9751700379640837
30.329251006245613	(-72.99784851074219, 40.22495651245117, -27.77202796936035)	(0.3177964985370636, -0.9480807781219482, -0.012178887613117695)	(2.1271262168884277, -6.140436172485352, -0.0014440466184169054)	16.86947599053381	-0.03307740390300751	0	0	0	0	6.3872995947591376	23	False	0	nan	0.9593115489312849
30.564001016318798	(-72.47359466552734, 38.77039337158203, -27.77083969116211)	(0.3339870572090149, -0.9425483345985413, -0.007440776564180851)	(2.3966691493988037, -6.353949546813965, -0.011692216619849205)	47.762764468789065	-0.09365247935056686	0	0	0.14482921311149166	0.14482921311149166	6.771019868789647	24	False	0	nan	0.9377302190965613
30.798501025885344	(-71.87560272216797, 37.2894401550293, -27.771669387817383)	(0.36525818705558777, -0.9308717846870422, -0.008008700795471668)	(2.6610500812530518, -6.23408317565918, 0.009747088886797428)	61.72228440642361	-0.12102408707141876	0	0	0.06375317034852968	0.06375317034852968	6.824350068949237	24	False	0	nan	0.9354096946616062
31.031501032412052	(-71.25393676757812, 35.837310791015625, -27.769001007080078)	(0.3859111964702606, -0.922498345375061, -0.008320849388837814)	(2.6601221561431885, -6.244035720825195, 0.001868551829829812)	9.274247847497625	-0.018184799700975418	0	0	0.07806931305983544	0.07806931305983544	6.834139989259622	24	False	0	nan	0.9210096615659138
31.2647510394454	(-70.61785125732422, 34.38498306274414, -27.771240234375)	(0.3979675769805908, -0.9173601865768433, -0.00848833005875349)	(2.804507255554199, -6.212625026702881, 0.004100370220839977)	38.42840194702156	-0.07534980773925781	0	0	0.07272240647365691	0.07272240647365691	6.911574839208499	25	False	0	nan	0.8703949548893894
31.498251046985388	(-69.9427490234375, 32.981388092041016, -27.774316787719727)	(0.4254501760005951, -0.904893696308136, -0.012636437080800533)	(2.957956314086914, -5.773279190063477, 0.007805017754435539)	70.4001143574713	-0.13803943991661072	0	0	0	0	6.55410906819729	23	False	0	nan	0.8220002981773324
31.731501054018736	(-69.2145004272461, 31.6275634765625, -27.771352767944336)	(0.4613831341266632, -0.8871639370918274, -0.008106143213808537)	(3.3458645343780518, -5.8685078620910645, 0.014807390049099922)	69.95168522000314	-0.13716016709804535	0	0	0.13478708856163624	0.13478708856163624	6.838933143471394	24	False	0	nan	0.7845937318377965
31.964001063257456	(-68.42705535888672, 30.264389038085938, -27.77044677734375)	(0.4901279807090759, -0.8716148138046265, -0.007896807044744492)	(3.423600912094116, -5.820511817932129, -0.004355560522526503)	40.680126920342374	-0.0797649547457695	0	0	0.07203755199440542	0.07203755199440542	6.804223235464407	24	False	0	nan	0.724391209694272
32.197001069784164	(-67.6006088256836, 28.93025779724121, -27.772926330566406)	(0.518347442150116, -0.8551192879676819, -0.009323649108409882)	(3.6841278076171875, -5.630317687988281, -0.0030143766198307276)	77.15455591678611	-0.15128344297409058	0	0	0.05551331988190511	0.05551331988190511	6.596085897309956	24	False	0	nan	0.6352541818633635
32.429001074284315	(-66.71958923339844, 27.655921936035156, -27.77251625061035)	(0.5563251972198486, -0.830902099609375, -0.010197019204497337)	(3.8934319019317627, -5.384848594665527, -0.0006546578370034695)	75.65726146101949	-0.14834757149219513	0	0	0.05639299803236808	0.05639299803236808	6.621467098243379	24	False	0	nan	0.5397387823784661
32.661751080304384	(-65.78192901611328, 26.44051742553711, -27.774110794067383)	(0.5977132320404053, -0.8016358613967896, -0.010897841304540634)	(4.126191139221191, -5.037705421447754, -0.019432706758379936)	96.85752466320974	-0.1899167150259018	0	0	0.04233164135377043	0.04233164135377043	6.356662697482701	23	False	0	nan	0.43047401276414976
32.894251085817814	(-64.76959228515625, 25.296424865722656, -27.773813247680664)	(0.6465914249420166, -0.7627890706062317, -0.008507557213306427)	(4.5935845375061035, -4.8339080810546875, -0.009178116917610168)	118.22744876146325	-0.2318185269832611	0	0	0.099860170547311	0.099860170547311	6.460624020691634	24	False	0	nan	0.31888751176026386
33.12800109386444	(-63.66899108886719, 24.205902099609375, -27.773832321166992)	(0.6945291757583618, -0.7193969488143921, -0.009859123267233372)	(4.7544965744018555, -4.463692665100098, -0.0162265095859766)	100.26116922497764	-0.19659052789211273	0	0	0.03975216434310047	0.03975216434310047	6.453675064778729	23	False	0	nan	0.1862818741545993
33.36075109988451	(-62.532135009765625, 23.162084579467773, -27.769689559936523)	(0.7252870202064514, -0.6884183287620544, -0.006234449800103903)	(5.001306056976318, -4.579793930053711, 0.00341922789812088)	41.48829415440572	-0.08134959638118744	0	0	0.14698224316861785	0.14698224316861785	6.8405376466989605	24	True	1	nan	-0.02035366973743935
