timer	pos	dir	vel	steering	steering_input	brake	brake_input	throttle	throttle_input	wheelspeed	vel_kmh	is_oob	oob_counter	max_oob_percentage	oob_distance
0	(2.0239598751068115, 2.480642318725586, -28)	(0.009620939381420612, 0.9999536871910095, 0)	(0, 0, 0)	0	None	0	None	0	None	0	0	False	0	nan	1.9979954041038714
0.20000000298023224	(2.0237107276916504, 2.4827001094818115, -27.969655990600586)	(0.00862553995102644, 0.9999471306800842, -0.005590882617980242)	(-0.02513354830443859, 0.10645934194326401, 0.16027086973190308)	-55.93868528461544	0.13157435352117863	0	0	0.9787771131712153	0.9787771131712153	0.07353986963117021	1	False	0	nan	1.9977229965247854
0.44075001403689384	(2.025041103363037, 2.609252691268921, -27.85291290283203)	(0.008852043189108372, 0.9999340772628784, -0.0073098354041576385)	(0.0416884571313858, 0.8316064476966858, 0.9050207734107971)	-70.34605845808998	0.13793344795703888	0	0	0.9793743639346828	0.9793743639346828	2.7658384441062673	4	False	0	nan	1.99761624463924
0.6762500256299973	(2.038264274597168, 2.8327624797821045, -27.74062728881836)	(0.016926027834415436, 0.999851405620575, -0.0032541737891733646)	(0.07278575748205185, 1.284282922744751, 0.03485250845551491)	-68.09755191206958	0.13352461159229279	0	0	0.9565711780991274	0.9565711780991274	3.897198333293651	5	False	0	nan	1.9920356892687487
0.9122500382363796	(2.066352128982544, 3.3072073459625244, -27.75795555114746)	(0.02595585770905018, 0.9995203614234924, 0.016886766999959946)	(0.20954535901546478, 2.774742364883423, -0.07369323074817657)	-61.797562167110094	0.12117169052362442	0	0	0.945317421415647	0.945317421415647	3.9511884635722745	10	False	0	nan	1.970050830346835
1.146750047802925	(2.1262893676757812, 4.141485214233398, -27.761295318603516)	(0.044958021491765976, 0.9987912774085999, 0.019872838631272316)	(0.2785453498363495, 4.33311653137207, 0.004478977061808109)	-57.32251949608334	0.11239709705114365	0	0	0.8273668925744758	0.8273668925744758	5.31091844291234	16	False	0	nan	1.9211604491948537
1.3720000572502613	(2.219768524169922, 5.28237247467041, -27.759946823120117)	(0.07105166465044022, 0.99727863073349, 0.01966996304690838)	(0.5268562436103821, 5.834695339202881, -0.003858757670968771)	-43.95934335887418	0.08619479089975357	0	0	0.5829704580217479	0.5829704580217479	6.835792140334024	21	False	0	nan	1.8440275467907359
1.6042500659823418	(2.37707257270813, 6.800663471221924, -27.759740829467773)	(0.09596586227416992, 0.9952662587165833, 0.015351412817835808)	(0.8080808520317078, 6.999253273010254, -0.012236970476806164)	-38.17976988852056	0.0748622938990593	0	0	0.28879563695217103	0.28879563695217103	7.042148845060469	25	False	0	nan	1.7105927541146944
1.8380000740289688	(2.588392972946167, 8.43398666381836, -27.768329620361328)	(0.12167787551879883, 0.992563009262085, -0.003636089386418462)	(0.9594811201095581, 6.7538838386535645, -0.031168410554528236)	-39.727594032883864	0.07789724320173264	0	0	0	0	6.823550936988971	25	False	0	nan	1.5270280086559105
2.073500085622072	(2.7915093898773193, 9.991361618041992, -27.774425506591797)	(0.12597298622131348, 0.9919542074203491, -0.012557238340377808)	(0.7057969570159912, 6.508408546447754, -0.023477964103221893)	41.838574285434504	-0.08666147291660309	0	0	0	0	6.325371289154544	24	False	0	nan	1.3520307903297604
2.3080000951886177	(2.917790412902832, 11.506041526794434, -27.774045944213867)	(0.09342966973781586, 0.9955492615699768, -0.01235591247677803)	(0.349692165851593, 6.440924167633057, 0.0069175902754068375)	86.6758646070959	-0.16995267570018768	0	0	0.04951608802234686	0.04951608802234686	6.486554579866967	23	False	0	nan	1.2543693242204221
2.5427501052618027	(2.9573299884796143, 13.043780326843262, -27.77231216430664)	(0.04287334159016609, 0.9990510940551758, -0.007676177658140659)	(0.015543058514595032, 6.692751884460449, 0.02421141415834427)	88.80792260169999	-0.17413318157196045	0	0	0.12327763507562661	0.12327763507562661	6.733364892900102	24	False	0	nan	1.2448697644383766
2.7752501107752323	(2.9396564960479736, 14.601631164550781, -27.770523071289062)	(0.0033002777490764856, 0.9999638795852661, -0.00782927218824625)	(-0.11481143534183502, 6.672821044921875, -0.002864028327167034)	44.02148522436615	-0.08631663769483566	0	0	0.07094943805705856	0.07094943805705856	6.704642259072106	24	False	0	nan	1.2937411935463259
3.001500118523836	(2.9144015312194824, 16.109439849853516, -27.7691650390625)	(-0.010985882952809334, 0.9999088048934937, -0.007859594188630581)	(-0.09686862677335739, 6.703028678894043, 0.016937337815761566)	3.2292153965683568	-0.006331794895231724	0	0	0.07835990837340479	0.07835990837340479	6.658041170204708	24	False	0	nan	1.3495692398562502
3.2322501242160797	(2.907212734222412, 17.656719207763672, -27.768657684326172)	(-0.0057826112024486065, 0.999950647354126, -0.00808657892048359)	(0.021608153358101845, 6.710720539093018, -0.004195052664726973)	-18.138949871063442	0.03556656837463379	0	0	0.07713501921405252	0.07713501921405252	6.789020400506085	24	False	0	nan	1.3882181567273677
3.46450013294816	(2.926389217376709, 19.219829559326172, -27.76842498779297)	(0.008363522589206696, 0.999932050704956, -0.008125853724777699)	(0.12138693779706955, 6.725172519683838, -0.00453846575692296)	-27.20235273241991	0.0533379465341568	0	0	0.07555506345951946	0.07555506345951946	6.797304338191815	24	False	0	nan	1.4006180262543437
3.6980001404881477	(2.959599018096924, 20.796600341796875, -27.76918601989746)	(0.018104704096913338, 0.9998036623001099, -0.00805671140551567)	(0.13662207126617432, 6.7824201583862305, -0.018702514469623566)	-6.915414696558948	0.013559636659920216	0	0	0.07821613625365098	0.07821613625365098	6.822278904518051	24	False	0	nan	1.3987477364087235
3.931250147521496	(2.989799737930298, 22.385351181030273, -27.76923370361328)	(0.018813570961356163, 0.9997889399528503, -0.008255352266132832)	(0.13046452403068542, 6.834235668182373, 0.005529041867703199)	3.837679596617785	-0.007524861954152584	0	0	0.07834337645257095	0.07834337645257095	6.849933136994734	25	False	0	nan	1.3992523807731363
4.165250156074762	(3.0121171474456787, 23.9514102935791, -27.771413803100586)	(0.015359125100076199, 0.9998050928115845, -0.012400162406265736)	(0.07482519745826721, 6.512609958648682, -0.007758724968880415)	7.151969103142537	-0.01402346882969141	0	0	0	0	6.483900803966031	23	False	0	nan	1.4058170941867196
4.400000166147947	(3.029026746749878, 25.503250122070312, -27.768817901611328)	(0.012136251665651798, 0.9999005794525146, -0.007182856556028128)	(0.06077156960964203, 6.809463024139404, -0.021936897188425064)	4.510626336559734	-0.008844365365803242	0	0	0.15352177720127613	0.15352177720127613	6.872977218298815	25	False	0	nan	1.4054649288871484
4.634000174701214	(3.032822847366333, 27.073793411254883, -27.77208709716797)	(0.0044906605035066605, 0.99992835521698, -0.011096733622252941)	(-0.030370192602276802, 6.5367536544799805, -0.01635061576962471)	19.142369627952753	-0.03753405809402466	0	0	0	0	6.4940956196529696	24	False	0	nan	1.3732270869769325
4.86800018325448	(3.002933979034424, 28.593673706054688, -27.77241325378418)	(-0.013678718358278275, 0.999850332736969, -0.01059663761407137)	(-0.24722346663475037, 6.543198108673096, 0.011836604215204716)	52.4551706761123	-0.10285327583551407	0	0	0.06782120364990374	0.06782120364990374	6.499542852420781	24	False	0	nan	1.3249157701229168
5.102500192821026	(2.905271053314209, 30.112585067749023, -27.7742862701416)	(-0.051832593977451324, 0.9985973238945007, -0.010813189670443535)	(-0.6015701293945312, 6.401341915130615, -0.011982424184679985)	92.33587369322765	-0.18105073273181915	0	0	0.045620632177271414	0.045620632177271414	6.471433711271021	23	False	0	nan	1.3065737203281544
5.336750201880932	(2.738856077194214, 31.64121437072754, -27.77007293701172)	(-0.09282520413398743, 0.9956623315811157, -0.006333084776997566)	(-0.7934364676475525, 6.651394844055176, -0.007687967270612717)	50.23935757577407	-0.09850854426622391	0	0	0.14389606670654942	0.14389606670654942	6.773922100077414	24	False	0	nan	1.329059563543263
5.5697502084076405	(2.5519347190856934, 33.19938278198242, -27.769485473632812)	(-0.11178316175937653, 0.9937087893486023, -0.006887668278068304)	(-0.8112629055976868, 6.686938762664795, -0.0051474799402058125)	11.966587677597934	-0.0234638974070549	0	0	0.07784944551847128	0.07784944551847128	6.811546423464854	24	False	0	nan	1.3523152740672
5.8030002154409885	(2.3678863048553467, 34.76997756958008, -27.76920509338379)	(-0.11512907594442368, 0.9933194518089294, -0.00786676723510027)	(-0.7670576572418213, 6.730044364929199, 0.0009082583710551262)	-0.9518674481661412	0.001866406761109829	0	0	0.07839651652580215	0.07839651652580215	6.87038003374358	24	False	0	nan	1.3650870556735883
6.0372502245008945	(2.1939661502838135, 36.349578857421875, -27.7685604095459)	(-0.11049546301364899, 0.9938425421714783, -0.008224266581237316)	(-0.6785163283348083, 6.781406879425049, 0.010534725151956081)	-14.701739810407537	0.028826940804719925	0	0	0.07756900748384121	0.07756900748384121	6.899181550690142	25	False	0	nan	1.371609813602991
6.271000232547522	(2.049290180206299, 37.89741897583008, -27.770450592041016)	(-0.09659868478775024, 0.9952449202537537, -0.012498256750404835)	(-0.5265955924987793, 6.428504467010498, 0.00046325099538080394)	-31.23806677758707	0.06125111132860184	0	0	0	0	6.470243047018734	23	False	0	nan	1.3712744796994523
6.496500242501497	(1.942896842956543, 39.36482238769531, -27.767955780029297)	(-0.07861771434545517, 0.9968774318695068, -0.007392850238829851)	(-0.42078182101249695, 6.734997272491455, 0.011187491938471794)	-32.24811717867851	0.06323160231113434	0	0	0.1496017644691665	0.1496017644691665	6.874260365983729	24	False	0	nan	1.368138101790938
6.728000249713659	(1.8716448545455933, 40.93450164794922, -27.76780128479004)	(-0.052727680653333664, 0.9985777735710144, -0.007898140698671341)	(-0.15402483940124512, 6.72221040725708, -0.002202337607741356)	-54.67159934341919	0.10719921439886093	0	0	0.06690832843226713	0.06690832843226713	6.880349725625736	24	False	0	nan	1.3672906395525435
6.961750257760286	(1.8654502630233765, 42.49990463256836, -27.767549514770508)	(-0.01522431243211031, 0.9998398423194885, -0.009403043426573277)	(0.11740163713693619, 6.676668167114258, -0.00857478380203247)	-66.78845375776288	0.13095775246620178	0	0	0.061250067069001046	0.061250067069001046	6.722480364998944	24	False	0	nan	1.3637509502296217
7.195750266313553	(1.9384148120880127, 44.04484176635742, -27.7674560546875)	(0.0328502431511879, 0.9994052052497864, -0.010487350635230541)	(0.49445655941963196, 6.488368034362793, 0.025912543758749962)	-92.17629745602635	0.18073783814907074	0	0	0.045733833861200335	0.045733833861200335	6.537607788621339	23	False	0	nan	1.3684185087374054
7.42950027436018	(2.117525577545166, 45.55428695678711, -27.765714645385742)	(0.09698542207479477, 0.9952380061149597, -0.009759013541042805)	(1.0974552631378174, 6.41682767868042, -0.018293708562850952)	-135.98373252616537	0.27840492129325867	0	0	0.0760906997996944	0.0760906997996944	6.658207489364545	23	False	0	nan	1.3893222196050243
7.663750283420086	(2.4472544193267822, 46.99616622924805, -27.76688575744629)	(0.1913231611251831, 0.9814285635948181, -0.013914254494011402)	(1.769162654876709, 5.825979232788086, 0.03840719535946846)	-190.23987175070826	0.3921652367041107	0	0	0	0	6.290438942350177	22	False	0	nan	1.3894115861252092
7.898000292479992	(2.9467647075653076, 48.29854202270508, -27.766035079956055)	(0.3091842532157898, 0.9509073495864868, -0.01342745404690504)	(2.4723169803619385, 5.315139293670654, 0.018751895055174828)	-221.7090591788293	0.4347236454486847	0	0	0.03661535208780631	0.03661535208780631	6.042838814310676	21	False	0	nan	1.3932033408470184
8.131750300526619	(3.608323812484741, 49.51768112182617, -27.7648868560791)	(0.42520391941070557, 0.9050572514533997, -0.008536421693861485)	(3.213484287261963, 5.172964096069336, -0.032358068972826004)	-215.54632186889646	0.4226398468017578	0	0	0.11577555989538679	0.11577555989538679	6.314747222245924	22	False	0	nan	1.4162838220573777
8.365500308573246	(4.427533149719238, 50.67313766479492, -27.76589584350586)	(0.5336010456085205, 0.8456884026527405, -0.009010348469018936)	(3.772554397583008, 4.675023555755615, -0.012536652386188507)	-207.5707778334619	0.4070015251636505	0	0	0.05994975851446238	0.05994975851446238	6.360601365097307	22	False	0	nan	1.4953434329579043
8.600250318646431	(5.376242637634277, 51.73723602294922, -27.765825271606445)	(0.627406895160675, 0.7786505222320557, -0.007994542829692364)	(4.332493305206299, 4.386201858520508, -0.012086784467101097)	-188.27672034502035	0.36917003989219666	0	0	0.08931348164599395	0.08931348164599395	6.32871633983881	22	False	0	nan	1.5681593766115467
8.834750328212976	(6.45728874206543, 52.746829986572266, -27.76544189453125)	(0.702504575252533, 0.7116624712944031, -0.00488382950425148)	(4.91871976852417, 4.253565311431885, -0.0018437091493979096)	-148.80094259977318	0.29176655411720276	0	0	0.14047227789857342	0.14047227789857342	6.675367052008642	23	False	0	nan	1.6496328645981824
9.069250337779522	(7.656033039093018, 53.69150924682617, -27.766002655029297)	(0.7652974128723145, 0.6436320543289185, -0.007587880361825228)	(5.232614517211914, 3.7558369636535645, 0.016156326979398727)	-147.95440882444385	0.2901066839694977	0	0	0.06943811191622196	0.06943811191622196	6.686429631873655	23	False	0	nan	1.713329801982853
9.303250346332788	(8.933974266052246, 54.54640579223633, -27.766403198242188)	(0.8151615262031555, 0.5791914463043213, -0.006994555704295635)	(5.663755893707275, 3.521378993988037, -0.00866441149264574)	-116.20246142148937	0.22784796357154846	0	0	0.10168530549629828	0.10168530549629828	6.851348791619662	24	False	0	nan	1.7364988418746532
9.536000352352858	(10.263834953308105, 55.32777404785156, -27.768003463745117)	(0.8511949181556702, 0.5247631669044495, -0.00953166838735342)	(5.722043514251709, 3.172806739807129, 0.013045351952314377)	-95.16777053475361	0.18660347163677216	0	0	0.043579144373104395	0.043579144373104395	6.708739445922739	24	False	0	nan	1.7304097694906828
9.769750360399485	(11.615592002868652, 56.039005279541016, -27.768327713012695)	(0.8767207860946655, 0.4808956980705261, -0.009990372695028782)	(5.843202590942383, 2.925227403640747, 0.015760742127895355)	-74.29041400551802	0.14566747844219208	0	0	0.05718098572429353	0.05718098572429353	6.634874883239883	24	False	0	nan	1.6975740086748712
10.003750368952751	(12.99047565460205, 56.707252502441406, -27.768611907958984)	(0.8938645720481873, 0.4482435882091522, -0.00915413349866867)	(5.930065155029297, 2.7898457050323486, 0.014840762130916119)	-49.99008335173151	0.09801977127790451	0	0	0.06879212443862737	0.06879212443862737	6.698765899387585	24	False	0	nan	1.6489504375745154
10.2370003759861	(14.380855560302734, 57.338890075683594, -27.768184661865234)	(0.9063740968704224, 0.4223792552947998, -0.009043911471962929)	(5.989134311676025, 2.6353187561035156, -1.701759174466133e-05)	-46.44275330007085	0.0910642221570015	0	0	0.07010730744294036	0.07010730744294036	6.643502637603609	24	False	0	nan	1.5786930207174008
10.471500385552645	(15.798439979553223, 57.94938278198242, -27.76888084411621)	(0.9154165983200073, 0.40241923928260803, -0.008445859886705875)	(6.074204921722412, 2.5690536499023438, 0.0019349891226738691)	-28.985705338418683	0.056834716349840164	0	0	0.07516981501743325	0.07516981501743325	6.736212136317576	24	False	0	nan	1.4853433891423182
10.70650039613247	(17.226581573486328, 58.56920623779297, -27.77115821838379)	(0.9166169166564941, 0.3996831476688385, -0.008171499706804752)	(6.089670658111572, 2.7262768745422363, -0.007266991771757603)	25.25335751473907	-0.04951638728380203	0	0	0.07594812739036061	0.07594812739036061	6.730239008956534	24	False	0	nan	1.3938664834215309
10.941750407218933	(18.648780822753906, 59.23625564575195, -27.771907806396484)	(0.9080022573471069, 0.4188742935657501, -0.008731560781598091)	(5.999471664428711, 2.965317726135254, 0.003682065289467573)	52.64979623258118	-0.10323489457368851	0	0	0.0677425565423595	0.0677425565423595	6.682360239702501	24	False	0	nan	1.3353379558985428
11.174750413745642	(20.024187088012695, 59.954410552978516, -27.77291488647461)	(0.8916168808937073, 0.4526894986629486, -0.009561843238770962)	(5.808215618133545, 3.2256741523742676, 0.014861294999718666)	77.6522760093213	-0.15225936472415924	0	0	0.05521708585379548	0.05521708585379548	6.667094575050503	24	False	0	nan	1.3216131847415007
11.40775042027235	(21.364818572998047, 60.72023391723633, -27.77096939086914)	(0.8746702075004578, 0.4846298098564148, -0.009274820797145367)	(5.711402416229248, 3.3496832847595215, 0.0018025300232693553)	47.93966017663482	-0.09399933367967606	0	0	0.069564125267777	0.069564125267777	6.671997382778138	24	False	0	nan	1.3335982071416128
11.642500430345535	(22.690227508544922, 61.52970886230469, -27.772045135498047)	(0.8586102724075317, 0.512548565864563, -0.009081555530428886)	(5.570805549621582, 3.560729503631592, -0.005018784664571285)	58.77052299678336	-0.1152363196015358	0	0	0.06512059064469278	0.06512059064469278	6.5925512304241805	24	False	0	nan	1.3468407892211949
11.876750439405441	(23.990888595581055, 62.36050796508789, -27.769607543945312)	(0.8472260236740112, 0.5311654210090637, -0.008448888547718525)	(5.574840068817139, 3.546572208404541, -0.01290696021169424)	15.622422806918571	-0.030632201582193375	0	0	0.07746166822622791	0.07746166822622791	6.714215401283251	24	False	0	nan	1.3534242456358672
12.110750447958708	(25.291080474853516, 63.206321716308594, -27.770193099975586)	(0.8405088186264038, 0.5417348146438599, -0.008261757902801037)	(5.550950527191162, 3.6521246433258057, -0.006935825105756521)	25.544621385633814	-0.050087492913007736	0	0	0.07589124305368944	0.07589124305368944	6.671106982028628	24	False	0	nan	1.3619846306888508
12.345000457018614	(26.59392547607422, 64.06776428222656, -27.76927375793457)	(0.8360940217971802, 0.5485264658927917, -0.008089610375463963)	(5.575220108032227, 3.663699150085449, -0.003938925452530384)	6.831653891131233	-0.013395399786531925	0	0	0.07822056326455895	0.07822056326455895	6.716623731256521	24	False	0	nan	1.3792346522882206
12.577250462025404	(27.889772415161133, 64.91532135009766, -27.768930435180664)	(0.8370357751846313, 0.5470889806747437, -0.00803794153034687)	(5.644950866699219, 3.6331331729888916, 0.008389974944293499)	-8.848579488694433	0.017350155860185623	0	0	0.0780989720916273	0.0780989720916273	6.790120062848671	24	False	0	nan	1.3880940177557322
12.811000470072031	(29.214597702026367, 65.76611328125, -27.768918991088867)	(0.8405970335006714, 0.5416004657745361, -0.008105773478746414)	(5.714812755584717, 3.584707260131836, 0.009965186938643456)	-10.468039289117172	0.02052556723356247	0	0	0.07797870108974059	0.07797870108974059	6.828946814274802	24	False	0	nan	1.38548419743042
13.045000478625298	(30.551559448242188, 66.61109161376953, -27.76872444152832)	(0.8443387150764465, 0.5357467532157898, -0.008221384137868881)	(5.755434036254883, 3.5776562690734863, 0.015037696808576584)	-10.115857087075668	0.019835013896226883	0	0	0.07800657222373653	0.07800657222373653	6.871475502779307	24	False	0	nan	1.3750691860247013
13.279000487178564	(31.89673614501953, 67.46691131591797, -27.76968002319336)	(0.843679666519165, 0.5367798805236816, -0.008478890173137188)	(5.725447177886963, 3.730128288269043, -0.005810165777802467)	13.107497356831848	-0.025700975209474564	0	0	0.07773945987328201	0.07773945987328201	6.927967999784814	25	False	0	nan	1.3753115335176211
13.514250498265028	(33.214439392089844, 68.33090209960938, -27.77205467224121)	(0.837907075881958, 0.5456666350364685, -0.012639662250876427)	(5.4136576652526855, 3.6139588356018066, 0.003443002700805664)	21.246100142598216	-0.04165901988744736	0	0	0	0	6.498948087639473	23	False	0	nan	1.4065013846217171
13.750000510364771	(34.515804290771484, 69.18421936035156, -27.768009185791016)	(0.8370386362075806, 0.5470943450927734, -0.0073465160094201565)	(5.681184768676758, 3.6758551597595215, -0.0089059267193079)	-16.961227767140468	0.03325730934739113	0	0	0.1524939513749719	0.1524939513749719	6.961843221509691	24	False	0	nan	1.4477098034854703
13.983500517904758	(35.86103439331055, 70.0235595703125, -27.767751693725586)	(0.8462614417076111, 0.5327090620994568, -0.007921569980680943)	(5.784102916717529, 3.5097148418426514, -0.030140521004796028)	-42.31949575245347	0.08297940343618393	0	0	0.07151441860537511	0.07151441860537511	6.927562374832198	24	False	0	nan	1.4667584343208158
14.217000525444746	(37.23249816894531, 70.830078125, -27.76799964904785)	(0.85842365026474, 0.5128673315048218, -0.00872272253036499)	(5.921911239624023, 3.3723912239074707, -0.006979167927056551)	-34.65155661106139	0.0679442286491394	0	0	0.07378358179327349	0.07378358179327349	6.9313950490013205	25	False	0	nan	1.4592843511726368
14.451500535011292	(38.594688415527344, 71.59774780273438, -27.77049446105957)	(0.8682456016540527, 0.4959711730480194, -0.012733629904687405)	(5.6702046394348145, 3.1154839992523193, -0.0070842597633600235)	-29.69515386968842	0.05822579190135002	0	0	0	0	6.539245276549185	23	False	0	nan	1.441460880039584
14.686250545084476	(39.953338623046875, 72.3409652709961, -27.768268585205078)	(0.8751305341720581, 0.48383182287216187, -0.007300043944269419)	(5.968130588531494, 3.22990345954895, 0.006490262225270271)	-20.0818806141617	0.039376236498355865	0	0	0.15204951199922556	0.15204951199922556	6.966199952662766	24	False	0	nan	1.4251522684646152
14.920250553637743	(41.36537551879883, 73.09426879882812, -27.768735885620117)	(0.880731463432312, 0.47356075048446655, -0.007235265802592039)	(6.050426959991455, 3.194859743118286, -0.014909567311406136)	-18.82559202611435	0.03691292554140091	0	0	0.07703743592797507	0.07703743592797507	6.949189873362053	25	False	0	nan	1.414211542042602
15.15400056168437	(42.759490966796875, 73.80940246582031, -27.77031135559082)	(0.8878790140151978, 0.459914892911911, -0.012208468280732632)	(5.811496257781982, 2.929521083831787, -0.014476540498435497)	-29.765727482735986	0.05836417153477669	0	0	0	0	6.595594032194707	23	False	0	nan	1.4027542364865826
15.387250568717718	(44.14826202392578, 74.48406219482422, -27.767396926879883)	(0.8967351913452148, 0.44250109791755676, -0.007656889036297798)	(6.125787258148193, 2.9129879474639893, -0.00031724805012345314)	-35.852280780672864	0.07029858976602554	0	0	0.14865810827690806	0.14865810827690806	6.9901712554373745	24	False	0	nan	1.3842749161144616
15.621500577777624	(45.60476303100586, 75.13794708251953, -27.767248153686523)	(0.9088998436927795, 0.4169307351112366, -0.008353760465979576)	(6.241250038146973, 2.6484153270721436, -0.003100205911323428)	-58.26757438480881	0.11425014585256577	0	0	0.06534690417266753	0.06534690417266753	6.9193822754840095	24	False	0	nan	1.408775085271339
15.85600058734417	(47.06974792480469, 75.71636962890625, -27.767478942871094)	(0.9257603883743286, 0.37798088788986206, -0.009902706369757652)	(6.266000270843506, 2.293907642364502, 0.003304612822830677)	-77.50289842486364	0.15196646749973297	0	0	0.05530619275565263	0.05530619275565263	6.797609607597454	24	False	0	nan	1.4632284332289114
16.091000597923994	(48.553802490234375, 76.22718811035156, -27.76813507080078)	(0.941045343875885, 0.33813783526420593, -0.009816242381930351)	(6.334756851196289, 2.049464464187622, -0.0062689208425581455)	-63.52511666715152	0.12455905228853226	0	0	0.06288504249298277	0.06288504249298277	6.767156997378714	24	False	0	nan	1.522186188090116
16.32475060597062	(50.03509521484375, 76.6729507446289, -27.768129348754883)	(0.9538689851760864, 0.3000675141811371, -0.009670580737292767)	(6.3661980628967285, 1.7790566682815552, 0.006655861157923937)	-66.68647482991236	0.13075779378414154	0	0	0.06130239936470394	0.06130239936470394	6.710989950404597	24	False	0	nan	1.5714363665966196
16.558500614017248	(51.53002166748047, 77.0698013305664, -27.76838493347168)	(0.963509202003479, 0.2675183415412903, -0.009161940775811672)	(6.429210662841797, 1.6005040407180786, -0.011423887684941292)	-48.617361411452315	0.09532815963029861	0	0	0.06931254198150039	0.06931254198150039	6.7309715750253165	24	False	0	nan	1.6037205712999618
16.792000621557236	(53.03607940673828, 77.4306411743164, -27.768470764160156)	(0.9703770279884338, 0.24143652617931366, -0.008771463297307491)	(6.490630626678467, 1.4642215967178345, 0.005066356156021357)	-40.71597419679129	0.07983524352312088	0	0	0.07202633389160407	0.07202633389160407	6.731454746134559	24	False	0	nan	1.6173636738973354
17.025750629603863	(54.55818176269531, 77.76610565185547, -27.76877212524414)	(0.975135326385498, 0.2214512676000595, -0.008384529501199722)	(6.528243064880371, 1.404426097869873, -0.003697848878800869)	-28.3081161975861	0.055506110191345215	0	0	0.07531907173142627	0.07531907173142627	6.735650485787307	24	False	0	nan	1.6075152929319907
17.260500639677048	(56.098480224609375, 78.08889770507812, -27.768692016601562)	(0.977901816368103, 0.20889700949192047, -0.008363699540495872)	(6.591451644897461, 1.3565250635147095, 0.0030532933305948973)	-15.395740270614255	0.03018772602081299	0	0	0.07748870119769236	0.07748870119769236	6.828786679546929	24	False	0	nan	1.572178698917983
17.494500648230314	(57.64513397216797, 78.41842651367188, -27.769805908203125)	(0.9778947830200195, 0.20892441272735596, -0.008505850099027157)	(6.63740873336792, 1.443407416343689, 0.005698776338249445)	15.801045522093657	-0.03098244220018387	0	0	0.07744008827531235	0.07744008827531235	6.899100810124394	24	False	0	nan	1.518675633982135
17.72900065779686	(59.19070816040039, 78.7864761352539, -27.771753311157227)	(0.9739136099815369, 0.2267196774482727, -0.009509109891951084)	(6.551858425140381, 1.7162384986877441, -0.001002212055027485)	60.41616078309199	-0.13244256377220154	0	0	0.060858967301446354	0.060858967301446354	6.811419520467654	24	False	0	nan	1.4636282188773255
17.962500665336847	(60.690582275390625, 79.23432922363281, -27.7750244140625)	(0.9619878530502319, 0.2728327810764313, -0.011898593977093697)	(6.2713212966918945, 2.134152412414551, -0.035545676946640015)	109.64907271476652	-0.2212047129869461	0	0	0.029468474952362822	0.029468474952362822	6.459686075481707	24	False	0	nan	1.4418318482817996
18.196500673890114	(62.10401916503906, 79.78239440917969, -27.775972366333008)	(0.940403938293457, 0.33979710936546326, -0.013357741758227348)	(5.82857084274292, 2.5380208492279053, -0.0013789823278784752)	127.67659932374966	-0.25034627318382263	0	0	0.015726743502970875	0.015726743502970875	6.166266136345044	23	False	0	nan	1.4694038851243367
18.43075068295002	(63.44129943847656, 80.4333267211914, -27.774906158447266)	(0.9114100337028503, 0.41137439012527466, -0.010140920989215374)	(5.655512809753418, 3.036216974258423, 0.00486026331782341)	138.69919985532758	-0.27195921540260315	0	0	0.07963818515760046	0.07963818515760046	6.346851110619281	23	False	0	nan	1.5287094383299957
18.665250692516565	(64.72206115722656, 81.20218658447266, -27.775596618652344)	(0.8731362819671631, 0.487379252910614, -0.00971632543951273)	(5.322463512420654, 3.535090923309326, 0.005428789649158716)	153.05042177438716	-0.30009886622428894	0	0	0.06354067049089629	0.06354067049089629	6.399460366862709	23	False	0	nan	1.6018522258483368
18.899250701069832	(65.91725158691406, 82.08167266845703, -27.775793075561523)	(0.8253502249717712, 0.5645316243171692, -0.01005434338003397)	(4.861884117126465, 3.966277837753296, -0.0011490792967379093)	158.83735924959177	-0.31144580245018005	0	0	0.05660151213616338	0.05660151213616338	6.2525506379447675	23	False	0	nan	1.6672905291625657
19.133500710129738	(66.98377990722656, 83.05345916748047, -27.779142379760742)	(0.7652930617332458, 0.6435313820838928, -0.013923338614404202)	(4.153210163116455, 4.288741111755371, -0.02170061506330967)	201.42794573876506	-0.4020221531391144	0	0	0	0	5.776446567194621	21	False	0	nan	1.7109612447035034
19.367500718683004	(67.87173461914062, 84.11334228515625, -27.778888702392578)	(0.6838282346725464, 0.7295318841934204, -0.012740304693579674)	(3.432629108428955, 4.832205772399902, -0.011752970516681671)	246.14700865045876	-0.4851906895637512	0	0	0.0589899947606517	0.0589899947606517	6.003426393198532	21	False	0	nan	1.75257479331451
19.599750723689795	(68.60388946533203, 85.28145599365234, -27.777637481689453)	(0.5840611457824707, 0.8116532564163208, -0.00956653244793415)	(2.8603296279907227, 5.270168304443359, -0.014414423145353794)	236.37759447097764	-0.4634854793548584	0	0	0.07958121042719724	0.07958121042719724	6.096099516859523	22	False	0	nan	1.7810190940806285
19.833250731229782	(69.1629867553711, 86.52494049072266, -27.78077507019043)	(0.46954700350761414, 0.8828005790710449, -0.013735036365687847)	(1.8794764280319214, 5.315273284912109, 0.0010155055206269026)	266.4096933603287	-0.5223719477653503	0	0	0	0	5.4755003654747085	20	False	0	nan	1.787213640046522
20.06675073876977	(69.55284881591797, 87.81694030761719, -27.775510787963867)	(0.35450756549835205, 0.9350267052650452, -0.007029733620584011)	(1.459778070449829, 5.86014986038208, -0.004705076105892658)	226.261959671974	-0.44365090131759644	0	0	0.16317387776008418	0.16317387776008418	5.9929352693016265	22	False	0	nan	1.7750832519669022
20.301500748842955	(69.832763671875, 89.22560119628906, -27.7752628326416)	(0.24613547325134277, 0.9692168235778809, -0.006009760778397322)	(0.9422004222869873, 6.1056013107299805, -0.009669461287558079)	187.55489587783813	-0.3677546977996826	0	0	0.09035648224626414	0.09035648224626414	6.206512235226558	22	False	0	nan	1.722999439028802
20.53575075790286	(69.99581146240234, 90.68768310546875, -27.773597717285156)	(0.15192189812660217, 0.9883824586868286, -0.004467740189284086)	(0.45366957783699036, 6.420079231262207, 0.014326237142086029)	155.94466567039484	-0.30577385425567627	0	0	0.13210235005362847	0.13210235005362847	6.261393331380642	23	False	0	nan	1.6448303642767053
20.761750765144825	(70.03565979003906, 92.13694763183594, -27.77533531188965)	(0.06374672800302505, 0.9979389309883118, -0.007363633252680302)	(-0.1117035523056984, 6.406215190887451, -0.012224805541336536)	157.68551945686323	-0.30918729305267334	0	0	0.058003217814760255	0.058003217814760255	6.415806051672182	23	False	0	nan	1.575883724044832
20.993750773370266	(69.96953582763672, 93.64387512207031, -27.772197723388672)	(-0.013314506970345974, 0.9998928308486938, -0.006092640105634928)	(-0.45292264223098755, 6.568439483642578, 0.006512762978672981)	101.97471007704718	-0.1999504119157791	0	0	0.11361983277471022	0.11361983277471022	6.595486949263849	24	False	0	nan	1.523172484990417
21.226750779896975	(69.84162902832031, 95.16985321044922, -27.771865844726562)	(-0.06431945413351059, 0.9979007840156555, -0.007557786535471678)	(-0.6571424007415771, 6.506103038787842, -0.02628530189394951)	70.47577589750293	-0.13818779587745667	0	0	0.059304133070530396	0.059304133070530396	6.577201292328856	24	False	0	nan	1.4648783568093573
21.46100078895688	(69.6646499633789, 96.68305969238281, -27.771888732910156)	(-0.10260125249624252, 0.9946827292442322, -0.008906250819563866)	(-0.8502737879753113, 6.442361354827881, -0.005879735574126244)	60.76164655387385	-0.11914048343896866	0	0	0.06420554520592892	0.06420554520592892	6.425244478910475	23	False	0	nan	1.4131748037438339
21.695750799030066	(69.4361343383789, 98.2249755859375, -27.770008087158203)	(-0.13490311801433563, 0.9908438920974731, -0.005439819302409887)	(-1.1006617546081543, 6.707280158996582, -0.016740312799811363)	51.181684210896684	-0.10035624355077744	0	0	0.14352862438037706	0.14352862438037706	6.858496379137175	24	False	0	nan	1.3824881412327517
21.93050080910325	(69.17276000976562, 99.8029556274414, -27.76972198486328)	(-0.15692856907844543, 0.9875860214233398, -0.00687924399971962)	(-1.1618030071258545, 6.716121673583984, -0.003903296310454607)	24.67128574848162	-0.048375070095062256	0	0	0.07605985259329784	0.07605985259329784	6.883012379968237	25	False	0	nan	1.3718077556902046
22.16350081562996	(68.91993713378906, 101.33692932128906, -27.770771026611328)	(-0.1603471040725708, 0.9869861006736755, -0.012133371084928513)	(-1.0225670337677002, 6.384605884552002, -0.0004479936324059963)	-11.575410068035502	0.022696882486343384	0	0	0	0	6.566587843526185	23	False	0	nan	1.3677828089806419
22.397000823169947	(68.6999282836914, 102.85698699951172, -27.767269134521484)	(-0.14695216715335846, 0.9891157150268555, -0.007417250424623489)	(-0.8790596723556519, 6.661829471588135, -0.00011027257278328761)	-38.41839708387884	0.07533019036054611	0	0	0.1479253624202439	0.1479253624202439	6.913792012839564	24	False	0	nan	1.3607890660902817
22.631250832229853	(68.52803802490234, 104.42650604248047, -27.767257690429688)	(-0.11731494963169098, 0.9930614829063416, -0.008137591183185577)	(-0.5696128606796265, 6.675507545471191, -0.006825239397585392)	-63.43196846544727	0.12437640875577927	0	0	0.0629305089450154	0.0629305089450154	6.879250951394117	24	False	0	nan	1.3488504478449062
22.86550084128976	(68.436767578125, 105.98051452636719, -27.76736831665039)	(-0.07168770581483841, 0.9973735809326172, -0.010333165526390076)	(-0.17539063096046448, 6.564293384552002, -0.022093944251537323)	-90.2139155566696	0.176890030503273	0	0	0.04710991710855117	0.04710991710855117	6.686881495209444	24	False	0	nan	1.3452759175829874
23.100000850856304	(68.45349884033203, 107.48350524902344, -27.76768684387207)	(-0.009125237353146076, 0.9998714923858643, -0.013180607929825783)	(0.3396231234073639, 6.206355094909668, 0.04496638476848602)	-130.97253287999308	0.257387638092041	0	0	0.012151603757400542	0.012151603757400542	6.499488600734117	22	False	0	nan	1.346560303312187
23.33375085890293	(68.61075592041016, 108.93707275390625, -27.76475715637207)	(0.07618480920791626, 0.9970449805259705, -0.009864910505712032)	(1.040636420249939, 6.205196857452393, 0.0023738634772598743)	-174.67946866022027	0.3529481887817383	0	0	0.10102757603569046	0.10102757603569046	6.6005813299683425	23	False	0	nan	1.3514205188684045
23.567750867456198	(68.94190216064453, 110.33052825927734, -27.766931533813477)	(0.18856722116470337, 0.9819656610488892, -0.013630863279104233)	(1.792574405670166, 5.631017684936523, 0.008025184273719788)	-206.55918091535543	0.40501800179481506	0	0	0	0	6.23399008929423	21	False	0	nan	1.422796503860807
23.801500875502825	(69.43700408935547, 111.6496810913086, -27.764699935913086)	(0.3018933832645416, 0.9533059000968933, -0.008274645544588566)	(2.512169599533081, 5.674980640411377, -0.004856094717979431)	-200.456525981426	0.39305201172828674	0	0	0.13991011607634685	0.13991011607634685	6.585446791124916	22	False	0	nan	1.4945604134943826
24.035000883042812	(70.09211730957031, 112.96701049804688, -27.765153884887695)	(0.404994934797287, 0.9142984747886658, -0.006121085025370121)	(3.1298913955688477, 5.625630855560303, -0.02485976368188858)	-172.0088812708857	0.3372723162174225	0	0	0.111847384713335	0.111847384713335	6.690413181659832	23	False	0	nan	1.5678053699523082
24.26825089007616	(70.8794174194336, 114.24615478515625, -27.76648712158203)	(0.4928658604621887, 0.8700693249702454, -0.007916578091681004)	(3.6104395389556885, 5.3135576248168945, -0.04263775050640106)	-151.58058464527144	0.29721683263778687	0	0	0.06526215439676175	0.06526215439676175	6.725634958216448	23	False	0	nan	1.6372813188501723
24.502250898629427	(71.7740249633789, 115.47111511230469, -27.766416549682617)	(0.5646226406097412, 0.8253139853477478, -0.007618609815835953)	(4.0304999351501465, 5.127216815948486, 0.018832892179489136)	-127.54070341587044	0.25007981061935425	0	0	0.09106008832058787	0.09106008832058787	6.7737171465122215	23	False	0	nan	1.6767201913428484
24.736000906676054	(72.76644134521484, 116.66458892822266, -27.76597023010254)	(0.620872974395752, 0.7838872671127319, -0.006128505803644657)	(4.477107048034668, 5.062466144561768, -0.0012285765260457993)	-100.68233102560069	0.19741633534431458	0	0	0.11462679053922109	0.11462679053922109	6.928638472830812	24	False	0	nan	1.6889285601698423
24.967500917613506	(73.82039642333984, 117.81849670410156, -27.767711639404297)	(0.6617060303688049, 0.7497212290763855, -0.00795744452625513)	(4.657985687255859, 4.885547161102295, -0.00014236755669116974)	-71.34871825575799	0.13989944756031036	0	0	0.058828144572319996	0.058828144572319996	6.838409426008575	24	False	0	nan	1.6801182503122765
25.199750926345587	(74.91519165039062, 118.9439926147461, -27.767995834350586)	(0.6888090968132019, 0.7248888611793518, -0.008850653655827045)	(4.793774127960205, 4.7985358238220215, 0.030341876670718193)	-49.90745298564462	0.0978577509522438	0	0	0.06882386057856871	0.06882386057856871	6.754608270587417	24	False	0	nan	1.6548678585656127
25.433750934898853	(76.04788208007812, 120.04490661621094, -27.76799201965332)	(0.7108967304229736, 0.7032391428947449, -0.008971037343144417)	(4.918270111083984, 4.642856597900391, -0.004944482818245888)	-48.54135788977145	0.09517913311719894	0	0	0.0693409326190586	0.0693409326190586	6.777246229863673	24	False	0	nan	1.5977048330569832
25.66725094243884	(77.20004272460938, 121.13166809082031, -27.769363403320312)	(0.723231852054596, 0.6905532479286194, -0.00848374143242836)	(4.968780040740967, 4.675670623779297, 0.013135110959410667)	-7.983745895325904	0.01565440371632576	0	0	0.07815493964428633	0.07815493964428633	6.8471112871866655	25	False	0	nan	1.5141160180615998
25.902000952512026	(78.32923126220703, 122.22498321533203, -27.772716522216797)	(0.7190317511558533, 0.6948617696762085, -0.012667430564761162)	(4.619703769683838, 4.586728572845459, 0.00367913581430912)	32.03597456216807	-0.06281563639640808	0	0	0	0	6.488847231704174	23	False	0	nan	1.4345834948429919
26.134750958532095	(79.39128875732422, 123.32746887207031, -27.772262573242188)	(0.7000810503959656, 0.7140096426010132, -0.008764478377997875)	(4.51788330078125, 4.98393440246582, 0.003759225830435753)	79.2853267373131	-0.17421428946006304	0	0	0.12102211122013418	0.12102211122013418	6.867074481065716	24	False	0	nan	1.3800416200267462
26.368250966072083	(80.4113540649414, 124.52244567871094, -27.77370834350586)	(0.6614759564399719, 0.7499054670333862, -0.009564747102558613)	(4.169031620025635, 5.160241603851318, 0.0012040806468576193)	91.59115165472035	-0.17959049344062805	0	0	0.04614725466575176	0.04614725466575176	6.533705034012067	24	False	0	nan	1.3732704973605365
26.596000976860523	(81.31352233886719, 125.71314239501953, -27.773944854736328)	(0.6194651126861572, 0.784950852394104, -0.010735413990914822)	(3.789198398590088, 5.309289455413818, 0.015856830403208733)	96.07507064938537	-0.18838249146938324	0	0	0.042912036907787776	0.042912036907787776	6.455125811393923	23	False	0	nan	1.3963809328421521
26.828500986099243	(82.17040252685547, 126.9959487915039, -27.77293586730957)	(0.5720071792602539, 0.8202127814292908, -0.0076763262040913105)	(3.5442161560058594, 5.6884765625, -0.012988924048841)	102.5013162195683	-0.2009829729795456	0	0	0.1132058445723032	0.1132058445723032	6.813019157752549	24	False	0	nan	1.4397895407736425
27.05375099554658	(82.92338562011719, 128.28546142578125, -27.77390480041504)	(0.5226857662200928, 0.8524743318557739, -0.009338813833892345)	(3.143540143966675, 5.7775774002075195, -0.0362737812101841)	101.23838558795713	-0.19850663840770721	0	0	0.038995114508071804	0.038995114508071804	6.583971168437336	24	False	0	nan	1.4859467379783635
27.284751001745462	(83.6135025024414, 129.63131713867188, -27.773447036743164)	(0.4742759168148041, 0.8803147673606873, -0.010406333021819592)	(2.8072872161865234, 5.847095012664795, 0.0022464327048510313)	91.05949178338066	-0.17854802310466766	0	0	0.04652060344541509	0.04652060344541509	6.546088920288936	23	False	0	nan	1.5166489504041858
27.51825100928545	(84.24505615234375, 131.02932739257812, -27.771854400634766)	(0.42832353711128235, 0.9035991430282593, -0.0068909176625311375)	(2.624875783920288, 6.155673503875732, 0.031279560178518295)	85.60850188136119	-0.16785980761051178	0	0	0.12542308498896193	0.12542308498896193	6.684497028172235	24	False	0	nan	1.520320024178801
27.75050101429224	(84.8103256225586, 132.47210693359375, -27.772886276245117)	(0.3812156021595001, 0.9244473576545715, -0.008467062376439571)	(2.250434160232544, 6.231168746948242, 0.018154989928007126)	87.30121225118654	-0.17117884755134583	0	0	0.04909780215099313	0.04909780215099313	6.553005893459599	24	False	0	nan	1.5054514136362294
27.981501020491123	(85.29058074951172, 133.91444396972656, -27.773357391357422)	(0.3329456150531769, 0.9428910613059998, -0.01018527988344431)	(1.899350643157959, 6.247747421264648, -0.000578545848838985)	88.55303227901466	-0.1736333966255188	0	0	0.0482514435762853	0.0482514435762853	6.5939087003274395	24	False	0	nan	1.491960715813122
28.205501027405262	(85.6888198852539, 135.30198669433594, -27.77211570739746)	(0.2924496531486511, 0.9562299847602844, -0.009868677705526352)	(1.6820647716522217, 6.244393348693848, -0.010601469315588474)	66.7188718914984	-0.1308213174343109	0	0	0.061285782904751285	0.061285782904751285	6.386743076564455	23	False	0	nan	1.4799928621702054
28.437001034617424	(86.07491302490234, 136.79127502441406, -27.769697189331055)	(0.26238173246383667, 0.9649468064308167, -0.005788363516330719)	(1.6592154502868652, 6.569209098815918, 0.023942869156599045)	43.82386542856677	-0.08592914789915085	0	0	0.14621618154132587	0.14621618154132587	6.905186280284034	24	False	0	nan	1.452696560951003
28.67150104418397	(86.43726348876953, 138.34603881835938, -27.7706356048584)	(0.23576019704341888, 0.9717826843261719, -0.007450399920344353)	(1.4531997442245483, 6.620852947235107, -0.020902585238218307)	46.62767417728899	-0.09142681211233139	0	0	0.07004113802697653	0.07004113802697653	6.842062612425605	24	False	0	nan	1.4184187782161648
28.905001051723957	(86.7576904296875, 139.8992462158203, -27.770797729492188)	(0.20992480218410492, 0.97768235206604, -0.008292341604828835)	(1.289802074432373, 6.6670684814453125, 0.014240585267543793)	42.165862396359444	-0.0826781615614891	0	0	0.07156432160081239	0.07156432160081239	6.858813465164115	24	False	0	nan	1.3920914855039728
29.138751059770584	(87.03909301757812, 141.46832275390625, -27.770734786987305)	(0.18413537740707397, 0.9828617572784424, -0.008772192522883415)	(1.1375430822372437, 6.705996990203857, 0.01014772616326809)	43.628388717770505	-0.0855458602309227	0	0	0.07108190579735152	0.07108190579735152	6.872319590106906	24	False	0	nan	1.3865988693200872
29.37275106832385	(87.29537963867188, 143.03965759277344, -27.769254684448242)	(0.16694337129592896, 0.9859292507171631, -0.008566124364733696)	(1.076033115386963, 6.72802209854126, -0.0026664473116397858)	16.549506559967863	-0.03245001286268234	0	0	0.07734699666521183	0.07734699666521183	6.933987405948143	25	False	0	nan	1.3981480466596405
29.607001077383757	(87.55120849609375, 144.5790252685547, -27.770776748657227)	(0.16541114449501038, 0.9861457943916321, -0.012476463802158833)	(1.1105787754058838, 6.36420202255249, -0.010754975490272045)	-9.41927466541531	0.01846916601061821	0	0	0	0	6.603912132890314	23	False	0	nan	1.4109473502101118
29.840751085430384	(87.81718444824219, 146.09274291992188, -27.768272399902344)	(0.17121697962284088, 0.9852067828178406, -0.007224601693451405)	(1.2168846130371094, 6.6591386795043945, 0.004351253621280193)	-10.47512210905525	0.020539455115795135	0	0	0.15317813078354625	0.15317813078354625	6.803874046776261	24	False	0	nan	1.4288515133459136
30.07450109347701	(88.11236572265625, 147.65785217285156, -27.767873764038086)	(0.18251919746398926, 0.9831728935241699, -0.007602579891681671)	(1.3300217390060425, 6.66767692565918, -0.002731607761234045)	-25.64034584909649	0.05027518793940544	0	0	0.0758724054776575	0.0758724054776575	6.934822918472148	24	False	0	nan	1.461623171453581
30.308501102030277	(88.44973754882812, 149.2074737548828, -27.76698875427246)	(0.2063264697790146, 0.9784390926361084, -0.009290001355111599)	(1.5783166885375977, 6.5454230308532715, -0.005910160485655069)	-65.12804925441704	0.12770205736160278	0	0	0.06209218454561394	0.06209218454561394	6.8177388051483225	24	False	0	nan	1.4987898095686973
30.542001109570265	(88.86102294921875, 150.71018981933594, -27.767061233520508)	(0.2512662410736084, 0.9678636789321899, -0.010255088098347187)	(1.957637071609497, 6.3265156745910645, -0.005807582754641771)	-87.96508222818363	0.17248055338859558	0	0	0.048650458702763855	0.048650458702763855	6.746284406455588	24	False	0	nan	1.5242023745024422
30.774251114577055	(89.35253143310547, 152.1429901123047, -27.7675724029541)	(0.30679306387901306, 0.9517054557800293, -0.011604471132159233)	(2.276785373687744, 5.9990034103393555, 0.004108618013560772)	-103.15396159887281	0.20226266980171204	0	0	0.03748981240468363	0.03748981240468363	6.666934655056687	23	False	0	nan	1.539824644992679
31.008001122623682	(89.93819427490234, 153.54757690429688, -27.76617431640625)	(0.36519911885261536, 0.9308943152427673, -0.008092761039733887)	(2.7323033809661865, 6.018322467803955, 0.006458098068833351)	-102.76858627796189	0.20150703191757202	0	0	0.11299491608777057	0.11299491608777057	6.7271889060664485	24	False	0	nan	1.5565554722833104
31.243001133203506	(90.61774444580078, 154.93502807617188, -27.767696380615234)	(0.4218440353870392, 0.9066159725189209, -0.009757321327924728)	(3.004415512084961, 5.733559608459473, -0.02525307610630989)	-97.0648415386676	0.19032321870326996	0	0	0.0421770724224273	0.0421770724224273	6.648028237553115	23	False	0	nan	1.5858376965950385
31.47825114428997	(91.37725830078125, 156.2737579345703, -27.76593589782715)	(0.4757007360458374, 0.8795738816261292, -0.007659895345568657)	(3.460782289505005, 5.670494079589844, 0.020169159397482872)	-100.36239579319984	0.19678901135921478	0	0	0.1148740850082628	0.1148740850082628	6.806162304190065	24	False	0	nan	1.6071970371371433
31.71150115132332	(92.21601867675781, 157.58143615722656, -27.767744064331055)	(0.524376392364502, 0.8514397144317627, -0.008934174664318562)	(3.6962194442749023, 5.463742733001709, 0.0011139807756990194)	-83.32730188965812	0.16338686645030975	0	0	0.05170473187154867	0.05170473187154867	6.707119063185155	24	False	0	nan	1.608624848653096
31.946501161903143	(93.1075439453125, 158.8415069580078, -27.768020629882812)	(0.5648616552352905, 0.8251261711120605, -0.009912338107824326)	(3.9125707149505615, 5.28044319152832, -0.014228450134396553)	-74.631909281015	0.14633707702159882	0	0	0.05698545988877468	0.05698545988877468	6.7340719572703245	24	False	0	nan	1.5957307546542605
32.18050117045641	(94.03948974609375, 160.06170654296875, -27.768461227416992)	(0.5965198278427124, 0.8025427460670471, -0.00945062842220068)	(4.047131061553955, 5.146859169006348, -0.001516137970611453)	-56.270561143756055	0.11033443361520767	0	0	0.06622631275881141	0.06622631275881141	6.603330695235868	24	False	0	nan	1.5764721891946085
32.4140011779964	(95.00401306152344, 161.24725341796875, -27.76816177368164)	(0.622422456741333, 0.7826279401779175, -0.009150311350822449)	(4.2207417488098145, 5.007543563842773, -0.027836114168167114)	-53.07966336607899	0.1040777713060379	0	0	0.0675678175199681	0.0675678175199681	6.718122315176791	24	False	0	nan	1.5528370473534419
32.646751184016466	(96.0011978149414, 162.39602661132812, -27.76822280883789)	(0.6474650502204895, 0.7620411515235901, -0.009071534499526024)	(4.363329887390137, 4.871115207672119, -0.01899353414773941)	-54.3732165545222	0.10661415010690689	0	0	0.067033422996982	0.067033422996982	6.572476036500111	24	False	0	nan	1.5114419356091155
32.879751190543175	(97.03174591064453, 163.52655029296875, -27.76865005493164)	(0.6668304800987244, 0.7451592683792114, -0.008638830855488777)	(4.466346740722656, 4.827301025390625, -0.011047173291444778)	-34.54027198255072	0.0677260234951973	0	0	0.07381318574152806	0.07381318574152806	6.683381986751802	24	False	0	nan	1.456971410586811
33.11425120010972	(98.08779907226562, 164.66317749023438, -27.768959045410156)	(0.6770128011703491, 0.7359261512756348, -0.008150659501552582)	(4.520924091339111, 4.858964443206787, -0.018960803747177124)	-12.485841214657206	0.024482041597366333	0	0	0.07780062963922485	0.07780062963922485	6.739421828924812	24	False	0	nan	1.405317081350192
33.34825120866299	(99.14300537109375, 165.808837890625, -27.769805908203125)	(0.6770415306091309, 0.7359024882316589, -0.007899229414761066)	(4.510749340057373, 4.955707550048828, 0.0010560642695054412)	11.334535293280997	-0.022224579006433487	0	0	0.07790606808798684	0.07790606808798684	6.797670818310531	24	False	0	nan	1.3724074079245296
33.581501215696335	(100.19105529785156, 166.9770050048828, -27.76999855041504)	(0.6698848009109497, 0.7424222230911255, -0.007974726147949696)	(4.455667495727539, 5.060942649841309, -0.004843336530029774)	21.241310499608613	-0.041649628430604935	0	0	0.07666530845159258	0.07666530845159258	6.829215667258131	24	False	0	nan	1.3657766156345277
33.81625122576952	(101.2322006225586, 168.17408752441406, -27.76997947692871)	(0.6594893336296082, 0.7516670227050781, -0.008391635492444038)	(4.391650199890137, 5.153929710388184, -0.012909634970128536)	24.899756088852783	-0.048823051154613495	0	0	0.07601630967595407	0.07601630967595407	6.856747812501394	24	False	0	nan	1.382039582991073
34.051001235842705	(102.25469970703125, 169.39402770996094, -27.770185470581055)	(0.6463911533355713, 0.7629572153091431, -0.00865078717470169)	(4.308711528778076, 5.258582592010498, 0.005625903606414795)	31.203501932322993	-0.06118333712220192	0	0	0.07465659925859103	0.07465659925859103	6.8495505474994385	24	False	0	nan	1.419574593722515
