timer	pos	dir	vel	steering	steering_input	brake	brake_input	throttle	throttle_input	wheelspeed	vel_kmh	is_oob	oob_counter	max_oob_percentage	oob_distance
0	(2.0239598751068115, 2.480642318725586, -28)	(0.009620939381420612, 0.9999536871910095, 0)	(0, 0, 0)	0	None	0	None	0	None	0	0	False	0	nan	1.9979954041038714
0.20000000298023224	(2.023714303970337, 2.4827349185943604, -27.96967887878418)	(0.008602114394307137, 0.9999471306800842, -0.005619996692985296)	(-0.022860204800963402, 0.10730751603841782, 0.16037553548812866)	-60.701035270492866	0.14286658216984557	0	0	0.9711715229781726	0.9711715229781726	0.07319033966820414	1	False	0	nan	1.9977261788415113
0.43025001138448715	(2.0250675678253174, 2.5993258953094482, -27.865299224853516)	(0.008328757248818874, 0.9999507069587708, -0.005416847765445709)	(0.048400554805994034, 0.837348997592926, 0.8868829607963562)	-82.99973666667944	0.16274458169937134	0	0	0.9719142011274966	0.9719142011274966	3.196208145794462	4	False	0	nan	1.9977605711326987
0.6617500185966492	(2.0379974842071533, 2.816983699798584, -27.743295669555664)	(0.01843830570578575, 0.9998183250427246, -0.004848198965191841)	(0.05478578805923462, 1.2702698707580566, 0.1239970251917839)	-51.024441048502545	0.10004792362451553	0	0	0.9643904129784232	0.9643904129784232	3.581613342823437	5	False	0	nan	1.9920995653613809
0.8957500271499157	(2.0634748935699463, 3.2778987884521484, -27.757863998413086)	(0.02812357060611248, 0.99945467710495, 0.017302468419075012)	(0.23016954958438873, 2.7953529357910156, -0.05907813087105751)	-61.77448220550992	0.1211264356970787	0	0	0.9453283865753215	0.9453283865753215	3.6440993795909087	10	False	0	nan	1.9725509623158637
1.12175003439188	(2.131498336791992, 4.073310852050781, -27.760238647460938)	(0.05396873131394386, 0.9983125925064087, 0.021435385569930077)	(0.4005122184753418, 4.253010272979736, -0.017586715519428253)	-83.36829409003253	0.16346724331378937	0	0	0.8132784603633904	0.8132784603633904	4.390150023712006	15	False	0	nan	1.9149797899777787
1.3530000410974026	(2.2657644748687744, 5.2150678634643555, -27.759355545043945)	(0.08859866857528687, 0.9959200620651245, 0.017132697626948357)	(0.7599998712539673, 5.5541486740112305, -0.005082604009658098)	-75.20298063755061	0.1474568247795105	0	0	0.6182564848259448	0.6182564848259448	5.882821918749439	20	False	0	nan	1.7970096546966972
1.5827500522136688	(2.4822497367858887, 6.609236240386963, -27.75906753540039)	(0.13326984643936157, 0.9910057187080383, 0.012119341641664505)	(1.179401159286499, 6.561538219451904, 0.01781197264790535)	-84.69066873192801	0.16606013476848602	0	0	0.33242403164067214	0.33242403164067214	7.0154645885741145	24	False	0	nan	1.6022467093834862
1.8087500631809235	(2.7607178688049316, 8.122038841247559, -27.76685905456543)	(0.1677846908569336, 0.9858235120773315, 0.0004209279431961477)	(1.232738971710205, 6.675102710723877, -0.0333247072994709)	-23.234333954751698	0.04555751755833626	0	0	0.07632451259392192	0.07632451259392192	6.790442352635865	24	False	0	nan	1.3492404792874497
2.0265000723302364	(3.016000270843506, 9.587215423583984, -27.77031707763672)	(0.17018535733222961, 0.9853949546813965, -0.005806264001876116)	(1.1091790199279785, 6.829333782196045, -0.0016058929031714797)	22.512661479413346	-0.0441424734890461	0	0	0.0764514420342689	0.0764514420342689	6.932948262291897	25	False	0	nan	1.1201341096582982
2.2495000809431076	(3.233798027038574, 11.091115951538086, -27.77399253845215)	(0.14973202347755432, 0.9886543154716492, -0.011959497816860676)	(0.7995752692222595, 6.543489456176758, -0.022714603692293167)	62.69617727592066	-0.13078321516513824	0	0	0	0	6.534692942033674	24	False	0	nan	0.9304960738103709
2.474250089377165	(3.3669347763061523, 12.553400039672852, -27.775117874145508)	(0.10626833140850067, 0.9942536950111389, -0.01290742214769125)	(0.3770122230052948, 6.45717716217041, -0.019253917038440704)	105.89409361009601	-0.21107922494411469	0	0	0.03384556079699186	0.03384556079699186	6.224009575258086	23	False	0	nan	0.8257190001646817
2.6912501007318497	(3.418205738067627, 13.96677017211914, -27.77150535583496)	(0.056940432637929916, 0.9983474016189575, -0.00776577228680253)	(0.12902255356311798, 6.698876857757568, 0.004527491517364979)	76.82635992765422	-0.15063992142677307	0	0	0.1309076140725356	0.1309076140725356	6.619852880976796	24	False	0	nan	0.8025369691517297
2.906750112771988	(3.4353067874908447, 15.407750129699707, -27.7701358795166)	(0.02532307803630829, 0.9996511936187744, -0.007501308806240559)	(0.0784517303109169, 6.675271034240723, 0.004204575903713703)	30.713332034647497	-0.06022221967577934	0	0	0.07477328425732221	0.07477328425732221	6.649606331401594	24	False	0	nan	0.8145211887086954
3.121750123798847	(3.4368486404418945, 16.847755432128906, -27.77028465270996)	(0.008119921199977398, 0.9999340772628784, -0.008104669861495495)	(-0.030289985239505768, 6.702475547790527, 0.005558635573834181)	29.530356712639346	-0.057902660220861435	0	0	0.07504728193934751	0.07504728193934751	6.715755890045743	24	False	0	nan	0.8422569004922056
3.3442501313984394	(3.436119318008423, 18.347566604614258, -27.768535614013672)	(0.002675197785720229, 0.9999629855155945, -0.008173503912985325)	(0.03404883295297623, 6.721556663513184, -0.000528976321220398)	-12.325858399271889	0.02416834980249405	0	0	0.07781589086782437	0.07781589086782437	6.79503194661997	24	False	0	nan	0.8734476570989933
3.5615001395344734	(3.448061227798462, 19.807010650634766, -27.769197463989258)	(0.006898775231093168, 0.9999439716339111, -0.008025587536394596)	(0.057915423065423965, 6.759908676147461, 0.00801866501569748)	-5.352848293259703	0.01049578096717596	0	0	0.07828983858188909	0.07828983858188909	6.840257657288664	24	False	0	nan	0.8908145358573827
3.7827501483261585	(3.462564706802368, 21.309043884277344, -27.7690372467041)	(0.009133981540799141, 0.9999251961708069, -0.00813219789415598)	(0.05491077899932861, 6.781847953796387, 0.013844789937138557)	-2.6276924740520164	0.005152338184416294	0	0	0.07837345341123347	0.07837345341123347	6.796833752824792	24	False	0	nan	0.9058580339292226
4.004250157624483	(3.470081090927124, 22.819046020507812, -27.769481658935547)	(0.006149516440927982, 0.999947726726532, -0.008173392154276371)	(0.014116094447672367, 6.841185092926025, 0.006368434522300959)	11.002940386531568	-0.021574392914772034	0	0	0.07793454557035906	0.07793454557035906	6.908633534038825	25	False	0	nan	0.9271475548473642
4.23375016823411	(3.4738001823425293, 24.366426467895508, -27.771066665649414)	(0.0037356361281126738, 0.9999175667762756, -0.012281650677323341)	(0.015392886474728584, 6.517801284790039, -0.003068534890189767)	-1.0962160024789358	0.00214944314211607	0	0	0	0	6.525177783160675	23	False	0	nan	0.9517284057652107
4.4660001732409	(3.483032464981079, 25.90325927734375, -27.7685489654541)	(0.005618884693831205, 0.9999582767486572, -0.007193892728537321)	(0.03437019884586334, 6.807856559753418, -0.019832676276564598)	-4.690327243879692	0.009196720086038113	0	0	0.15351542033965904	0.15351542033965904	6.821192864973594	25	False	0	nan	0.967900318347418
4.699000179767609	(3.5079293251037598, 27.464353561401367, -27.77035903930664)	(0.014144682325422764, 0.9998378157615662, -0.0111418217420578)	(0.15217332541942596, 6.4839982986450195, 0.007157498970627785)	-24.439087808131887	0.047919780015945435	0	0	0	0	6.41110740996696	23	False	0	nan	0.9638428418983034
4.931500189006329	(3.5542142391204834, 28.99662971496582, -27.768163681030273)	(0.026097804307937622, 0.9996342658996582, -0.007084982004016638)	(0.2242537885904312, 6.793316841125488, -0.013134029693901539)	-17.624571472406274	0.03455798327922821	0	0	0.15240574579167254	0.15240574579167254	6.913384946545884	24	False	0	nan	0.9332286290155545
5.163000196218491	(3.604555606842041, 30.58855438232422, -27.769088745117188)	(0.02997901476919651, 0.9995211362838745, -0.007667324971407652)	(0.17585349082946777, 6.866631031036377, 0.0008805796969681978)	2.4347663763911016	-0.00477405171841383	0	0	0.07837720843018992	0.07837720843018992	6.886684267543508	25	False	0	nan	0.8954376598158296
5.397750206291676	(3.65315580368042, 32.16895294189453, -27.770875930786133)	(0.03087487630546093, 0.9994470477104187, -0.012343966402113438)	(0.1967991441488266, 6.53802490234375, 0.009891043417155743)	-3.855158658697356	0.007559134624898434	0	0	0	0	6.536598149177869	24	False	0	nan	0.8571594583203854
5.624000214040279	(3.684753894805908, 33.6396484375, -27.77133560180664)	(0.02385677769780159, 0.9996562004089355, -0.010876350104808807)	(0.0808117613196373, 6.5933837890625, 0.0027463410515338182)	31.830669678747718	-0.06241307780146599	0	0	0.07450460771934819	0.07450460771934819	6.6904353618221775	24	False	0	nan	0.8343230091961977
5.85600022226572	(3.6886978149414062, 35.17469024658203, -27.77015495300293)	(0.008269114419817924, 0.9999263286590576, -0.008883344009518623)	(-0.03824210539460182, 6.6107611656188965, -0.003738017287105322)	25.05439449101691	-0.049126263707876205	0	0	0.07598661021410424	0.07598661021410424	6.532980930740388	24	False	0	nan	0.8397611127755222
6.084750235080719	(3.6673099994659424, 36.678871154785156, -27.770387649536133)	(-0.008111357688903809, 0.9999319911003113, -0.008391961455345154)	(-0.15683774650096893, 6.628272533416748, -0.023285144940018654)	31.846845410745384	-0.06244479492306709	0	0	0.07450064758701613	0.07450064758701613	6.714869038541627	24	False	0	nan	0.8716828953303752
6.310250245034695	(3.6145389080047607, 38.175010681152344, -27.770856857299805)	(-0.02801140956580639, 0.999573290348053, -0.008280912414193153)	(-0.3018636405467987, 6.651679039001465, -0.005067066755145788)	38.45072574913186	-0.07539357990026474	0	0	0.07271580810982248	0.07271580810982248	6.681018661165975	24	False	0	nan	0.9374476231910576
6.538000259548426	(3.5540719032287598, 39.695980072021484, -27.768686294555664)	(-0.03593450412154198, 0.9993196129798889, -0.008302988484501839)	(-0.19352957606315613, 6.63653039932251, 0.003932195249944925)	-16.029969938099402	0.03143131360411644	0	0	0.07741207252511972	0.07741207252511972	6.764248098053864	24	False	0	nan	1.0151634297927972
6.760750267654657	(3.518200397491455, 41.17237091064453, -27.768768310546875)	(-0.02738798037171364, 0.9995921850204468, -0.00808685552328825)	(-0.12989826500415802, 6.6937384605407715, 0.012529149651527405)	-16.076986715197354	0.03152350336313248	0	0	0.07740626873571466	0.07740626873571466	6.679892130861496	24	False	0	nan	1.0724938149950254
6.981250274926424	(3.49780011177063, 42.65302658081055, -27.768688201904297)	(-0.017213784158229828, 0.9998193979263306, -0.008052965626120567)	(-0.03762948140501976, 6.708616256713867, 0.0003494394477456808)	-17.952442578971663	0.03520086780190468	0	0	0.07716089890599287	0.07716089890599287	6.80681781580353	24	False	0	nan	1.120195353576002
7.211500283330679	(3.499332904815674, 44.21144485473633, -27.76841163635254)	(-0.0029236164409667253, 0.999963104724884, -0.008069033734500408)	(0.08394461125135422, 6.729842662811279, -0.007763219065964222)	-27.358518652569924	0.05364415422081947	0	0	0.07552230471793298	0.07552230471793298	6.792658505838354	24	False	0	nan	1.154778469490069
7.444000288844109	(3.5266480445861816, 45.77687454223633, -27.768404006958008)	(0.012858066707849503, 0.9998841881752014, -0.008148923516273499)	(0.18523958325386047, 6.75861930847168, -0.00016332697123289108)	-24.760979935527182	0.04855094105005264	0	0	0.0760428061231544	0.0760428061231544	6.808173158496022	24	False	0	nan	1.1725105044531456
7.678000297397375	(3.5814549922943115, 47.362396240234375, -27.767902374267578)	(0.0296995397657156, 0.9995225071907043, -0.008516843430697918)	(0.28113651275634766, 6.777225971221924, -0.015780046582221985)	-28.82709424938478	0.05652371421456337	0	0	0.0752050697313904	0.0752050697313904	6.864499452144684	24	False	0	nan	1.1741947208962231
7.910750303417444	(3.6643693447113037, 48.939659118652344, -27.767995834350586)	(0.0472310446202755, 0.9988454580307007, -0.008781123906373978)	(0.39466896653175354, 6.7887091636657715, -0.016542304307222366)	-29.31268919259294	0.05747586116194725	0	0	0.0750965253836926	0.0750965253836926	6.859775293396348	24	False	0	nan	1.1600241946787797
8.135250311344862	(3.775876760482788, 50.460044860839844, -27.767887115478516)	(0.06690474599599838, 0.9977208375930786, -0.0087678711861372)	(0.5760779976844788, 6.793861389160156, -0.014568660408258438)	-35.75957335529029	0.0701168105006218	0	0	0.07348363288521997	0.07348363288521997	6.922345519990188	25	False	0	nan	1.139004980758309
8.360250324010849	(3.926271915435791, 51.95158386230469, -27.769838333129883)	(0.09237603098154068, 0.9956461787223816, -0.012463086284697056)	(0.7636010646820068, 6.404404640197754, -0.010849464684724808)	-50.22240288555627	0.09847529977560043	0	0	0	0	6.551488589737739	23	False	0	nan	1.136760222291799
8.58375033736229	(4.119053363800049, 53.405574798583984, -27.767269134521484)	(0.1209251880645752, 0.9926295876502991, -0.007969747297465801)	(0.9705259799957275, 6.661944389343262, -0.0021570029202848673)	-50.917207002639465	0.09983766078948975	0	0	0.14363244148808274	0.14363244148808274	6.836435969115727	24	False	0	nan	1.1475259432093128
8.807750348001719	(4.358011722564697, 54.90378189086914, -27.76806640625)	(0.147590771317482, 0.9890156984329224, -0.008051355369389057)	(1.1352276802062988, 6.6693115234375, -0.018376188352704048)	-41.81888021528691	0.08199780434370041	0	0	0.07167636008281231	0.07167636008281231	6.890175621506538	24	False	0	nan	1.1645728333690606
9.038000360131264	(4.635687351226807, 56.44527816772461, -27.768320083618164)	(0.17035426199436188, 0.9853475093841553, -0.008347534574568272)	(1.275468111038208, 6.6713995933532715, -0.0030048375483602285)	-33.81598524756549	0.06630585342645645	0	0	0.07400353380138935	0.07400353380138935	6.904336505046853	24	False	0	nan	1.1843142877183905
9.260000370442867	(4.92120361328125, 57.91646957397461, -27.768661499023438)	(0.18553896248340607, 0.9826016426086426, -0.00832898449152708)	(1.3032716512680054, 6.700381755828857, 0.0124967060983181)	-19.546603336971415	0.038326673209667206	0	0	0.07693106612067946	0.07693106612067946	6.8861059224866334	25	False	0	nan	1.1995929945729311
9.479000378400087	(5.216235160827637, 59.36039733886719, -27.770614624023438)	(0.19672253727912903, 0.98038250207901, -0.012262105941772461)	(1.3363078832626343, 6.382378101348877, 0.0005526646273210645)	-19.53133195638655	0.03829672932624817	0	0	0	0	6.561838429479686	23	False	0	nan	1.2056967187817627
9.709500391036272	(5.532932281494141, 60.86777877807617, -27.768524169921875)	(0.20330692827701569, 0.9790869355201721, -0.007421042304486036)	(1.372374415397644, 6.687951564788818, 0.004326755180954933)	-5.095830084756141	0.009991823695600033	0	0	0.153500163459236	0.153500163459236	6.923025079534897	25	False	0	nan	1.1987809220312506
9.94275039806962	(5.839120864868164, 62.4082145690918, -27.772409439086914)	(0.19618628919124603, 0.9804995656013489, -0.01146264560520649)	(1.1845802068710327, 6.451511383056641, -0.018636353313922882)	27.051928304135764	-0.05304299667477608	0	0	0	0	6.605121939952684	24	False	0	nan	1.1924493938488516
10.17550040408969	(6.10150146484375, 63.914424896240234, -27.771228790283203)	(0.17789289355278015, 0.9839953780174255, -0.010355796664953232)	(1.0541675090789795, 6.513527870178223, 0.009645006619393826)	36.580253317952135	-0.0717259868979454	0	0	0.07325538280351584	0.07325538280351584	6.557814808838194	24	False	0	nan	1.1953031955553146
10.401750415563583	(6.3234052658081055, 65.37638092041016, -27.77085304260254)	(0.15805692970752716, 0.9873906970024109, -0.008802752010524273)	(0.9395089745521545, 6.549252510070801, 0.0076842280104756355)	35.857079923153	-0.07030799984931946	0	0	0.07345678515718812	0.07345678515718812	6.576286320917174	24	False	0	nan	1.193337936643335
10.633000422269106	(6.520373344421387, 66.90321350097656, -27.771169662475586)	(0.13540077209472656, 0.9907538294792175, -0.00856516882777214)	(0.7597875595092773, 6.551506042480469, -0.015257099643349648)	41.57622903585434	-0.08152201771736145	0	0	0.07175416062729023	0.07175416062729023	6.686779155671873	24	False	0	nan	1.1748620658702107
10.866000428795815	(6.679493427276611, 68.43291473388672, -27.770923614501953)	(0.11166079342365265, 0.99370938539505, -0.008568390272557735)	(0.5756638050079346, 6.607978820800781, 0.01711314544081688)	40.96229217946536	-0.08031821995973587	0	0	0.07194898354249957	0.07194898354249957	6.652366798291787	24	False	0	nan	1.128541521388527
11.098250433802605	(6.786632061004639, 69.96533966064453, -27.77280616760254)	(0.08020012825727463, 0.9967325925827026, -0.009597335942089558)	(0.2971857488155365, 6.57764196395874, 0.008678588084876537)	79.36235144734383	-0.15561245381832123	0	0	0.05418476421664087	0.05418476421664087	6.678294912247296	24	False	0	nan	1.0534555052009305
11.331000439822674	(6.7960052490234375, 71.46365356445312, -27.776458740234375)	(0.025150706991553307, 0.9995935559272766, -0.01342292595654726)	(-0.2405848652124405, 6.267755031585693, -0.020534925162792206)	130.30048349035002	-0.2756780036554978	0	0	0	0	5.994395012275415	23	False	0	nan	0.9812906008589684
11.56525044888258	(6.66108512878418, 72.90367889404297, -27.77741813659668)	(-0.06017276644706726, 0.9980993270874023, -0.01330818235874176)	(-0.9146068096160889, 6.042613506317139, -0.006323330570012331)	175.52437663078314	-0.3441654443740845	0	0	0.035150146898788925	0.035150146898788925	6.079205721253127	22	False	0	nan	0.9518505716253134
11.798500455915928	(6.376893520355225, 74.31332397460938, -27.775470733642578)	(-0.15670962631702423, 0.9876081347465515, -0.008502486161887646)	(-1.546952724456787, 6.084187030792236, -0.026303987950086594)	173.83340656757335	-0.3408498167991638	0	0	0.10942140238797649	0.10942140238797649	6.204328843024715	23	False	0	nan	0.95994239671333
12.028750468045473	(5.972619533538818, 75.70340728759766, -27.774364471435547)	(-0.24300234019756317, 0.96999591588974, -0.007597446441650391)	(-1.9788904190063477, 5.995041847229004, -0.017314482480287552)	140.99603980780918	-0.2764628231525421	0	0	0.07716830741452618	0.07716830741452618	6.262013753602828	23	False	0	nan	0.9648050037377476
12.255000479519367	(5.479689121246338, 77.05638885498047, -27.773521423339844)	(-0.31270310282707214, 0.949826180934906, -0.006863732822239399)	(-2.426779270172119, 5.960322380065918, 0.033406198024749756)	122.98782572150802	-0.2411525994539261	0	0	0.09544542377661425	0.09544542377661425	6.4502121859882475	23	False	0	nan	0.9466588393329933
12.480000488460064	(4.884159564971924, 78.38640594482422, -27.77450942993164)	(-0.3818260431289673, 0.9242034554481506, -0.007535188924521208)	(-2.894270420074463, 5.861533164978027, 0.009016335010528564)	136.78677767515185	-0.2682093679904938	0	0	0.08166373492213985	0.08166373492213985	6.58425101726627	24	False	0	nan	0.9331901670116101
12.70500049740076	(4.19970178604126, 79.65747833251953, -27.775102615356445)	(-0.4479014575481415, 0.894016683101654, -0.010885823518037796)	(-3.1572773456573486, 5.400679588317871, 0.004906138405203819)	122.03891023993494	-0.2392919808626175	0	0	0.02113934789484473	0.02113934789484473	6.224467717869588	23	False	0	nan	0.9381637535994733
12.930000506341457	(3.45090389251709, 80.87106323242188, -27.7728328704834)	(-0.50208580493927, 0.8647828698158264, -0.00777691463008523)	(-3.5313735008239746, 5.406767845153809, -0.003610009327530861)	104.56649020314214	-0.2050323337316513	0	0	0.11156174212455272	0.11156174212455272	6.4787720451749085	23	False	0	nan	0.9502434260754167
13.155000515282154	(2.6178476810455322, 82.09330749511719, -27.771106719970703)	(-0.5458278656005859, 0.8378815054893494, -0.005136155989021063)	(-3.88980770111084, 5.481032371520996, 0.03197281062602997)	76.48032769560825	-0.1499614268541336	0	0	0.1311115704558723	0.1311115704558723	6.769372368742948	24	False	0	nan	0.9582057777742166
13.38000052422285	(1.715603232383728, 83.30238342285156, -27.772640228271484)	(-0.5844370722770691, 0.8114012479782104, -0.007834406569600105)	(-4.1051764488220215, 5.2138142585754395, -0.016253890469670296)	81.87160760164245	-0.16053256392478943	0	0	0.05262929591973342	0.05262929591973342	6.616072033842039	24	False	0	nan	0.9621018409521873
13.597250532358885	(0.8170309662818909, 84.41575622558594, -27.771650314331055)	(-0.6155296564102173, 0.7880632281303406, -0.008913411758840084)	(-4.216058254241943, 5.111725330352783, -0.015505386516451836)	59.54603478312492	-0.11675693094730377	0	0	0.06476781907576656	0.06476781907576656	6.521388449862923	24	False	0	nan	0.9598473348784184
13.820250540971756	(-0.13066741824150085, 85.55182647705078, -27.76978302001953)	(-0.6335034966468811, 0.7736955285072327, -0.008269629441201687)	(-4.244246482849121, 5.084216594696045, -0.0024384211283177137)	18.835496194660468	-0.03693234547972679	0	0	0.07703600185736614	0.07703600185736614	6.601441280029347	24	False	0	nan	0.9266290048731709
14.045000549405813	(-1.1026350259780884, 86.68094635009766, -27.77170181274414)	(-0.6473831534385681, 0.7621138691902161, -0.008802922442555428)	(-4.436946868896484, 4.930474758148193, -0.024872414767742157)	54.85044814646248	-0.10754989832639694	0	0	0.06683301936998176	0.06683301936998176	6.625647553336851	24	False	0	nan	0.8633854306692883
14.262250561267138	(-2.076860189437866, 87.71571350097656, -27.77434539794922)	(-0.674795925617218, 0.737919270992279, -0.011203235015273094)	(-4.567413330078125, 4.578330993652344, -0.025195026770234108)	97.64701213447391	-0.2090600007043432	0	0	0.03123284166811202	0.03123284166811202	6.192005840538373	23	False	0	nan	0.8192482474301765
14.485250569880009	(-3.150163173675537, 88.71646881103516, -27.773086547851562)	(-0.7161789536476135, 0.6978673338890076, -0.008297895081341267)	(-4.975975036621094, 4.377264499664307, 0.012196721509099007)	105.78516840934746	-0.2074218988418579	0	0	0.11057615588083802	0.11057615588083802	6.694841380333303	24	False	0	nan	0.8248838935797425
14.711250580847263	(-4.306363582611084, 89.67771911621094, -27.773475646972656)	(-0.7551438212394714, 0.6554921269416809, -0.009366651065647602)	(-5.112710475921631, 4.040445327758789, 0.014005236327648163)	95.26262864470495	-0.18678946793079376	0	0	0.043509694670130994	0.043509694670130994	6.48761853306695	23	False	0	nan	0.8712614584590497
14.937000591307878	(-5.497424125671387, 90.58448028564453, -27.7708683013916)	(-0.7846464514732361, 0.6199094653129578, -0.006501402705907822)	(-5.467390537261963, 3.9948558807373047, 0.01738504320383072)	69.03652712702763	-0.13536573946475983	0	0	0.13527611657915872	0.13527611657915872	6.8639784184485535	24	False	0	nan	0.9377448613782184
15.16850059852004	(-6.7788310050964355, 91.51128387451172, -27.770095825195312)	(-0.8037147521972656, 0.5949690341949463, -0.007377618458122015)	(-5.514468669891357, 3.9540462493896484, -0.02248712256550789)	35.28016448020938	-0.06917679309844971	0	0	0.0736145712966143	0.0736145712966143	6.8442206400143375	24	False	0	nan	1.0011688830739622
15.402000606060028	(-8.072142601013184, 92.43321990966797, -27.769245147705078)	(-0.8115941286087036, 0.5841665267944336, -0.008017569780349731)	(-5.552553653717041, 3.9503085613250732, 0.02236916497349739)	11.229579225182711	-0.022018782794475555	0	0	0.07791517320424979	0.07791517320424979	6.8631534254160105	25	False	0	nan	1.0287015552636654
15.635000612586737	(-9.346064567565918, 93.32240295410156, -27.772216796875)	(-0.8180404305458069, 0.5750257968902588, -0.012456643395125866)	(-5.355782985687256, 3.6641147136688232, 0.007551351096481085)	26.566033177077752	-0.05209026113152504	0	0	0	0	6.480819311697662	23	False	0	nan	1.0244833434850589
15.868500620126724	(-10.633620262145996, 94.174560546875, -27.770559310913086)	(-0.8300818800926208, 0.5575858950614929, -0.007872927002608776)	(-5.728827476501465, 3.6439640522003174, -0.02786513790488243)	50.4568845033644	-0.098935067653656	0	0	0.14381185238836647	0.14381185238836647	6.75361432959621	24	False	0	nan	1.0096491851599656
16.0940006300807	(-11.936659812927246, 94.97319030761719, -27.77109718322754)	(-0.8468424081802368, 0.5317825675010681, -0.008080250583589077)	(-5.851529598236084, 3.4504427909851074, 0.0016225117724388838)	55.15204176303285	-0.10814125835895538	0	0	0.06670546824054169	0.06670546824054169	6.809058832647041	24	False	0	nan	1.0009491912458715
16.31725063920021	(-13.253294944763184, 95.7088851928711, -27.773155212402344)	(-0.8666433691978455, 0.4988362491130829, -0.00956657063215971)	(-5.974527835845947, 3.136483669281006, -0.019277028739452362)	81.05052486062057	-0.15892259776592255	0	0	0.053143607919330815	0.053143607919330815	6.819872938955999	24	False	0	nan	0.9991675970010327
16.54625065624714	(-14.634088516235352, 96.40210723876953, -27.77195167541504)	(-0.8869608044624329, 0.4617372453212738, -0.009957377798855305)	(-6.010732173919678, 2.907557964324951, -0.013207491487264633)	64.67432320119887	-0.1268123984336853	0	0	0.062318615603496275	0.062318615603496275	6.660208489413045	24	False	0	nan	0.9854375229180434
16.770250663161278	(-15.99127197265625, 97.01664733886719, -27.772884368896484)	(-0.9049109220504761, 0.42548808455467224, -0.009806497022509575)	(-6.104870796203613, 2.6242787837982178, -0.0006992076523602009)	74.81095567345619	-0.14668814837932587	0	0	0.0568825871250449	0.0568825871250449	6.521367469065121	24	False	0	nan	0.9472417087407123
16.99350067600608	(-17.354604721069336, 97.54859924316406, -27.774961471557617)	(-0.9247498512268066, 0.3803946077823639, -0.011733843013644218)	(-6.0990681648254395, 2.149533271789551, -0.006560148671269417)	111.67266366330695	-0.21896600723266602	0	0	0.03045388767658408	0.03045388767658408	6.4601168792687105	23	False	0	nan	0.9137810848617038
17.223750684410334	(-18.79530906677246, 98.00814819335938, -27.772581100463867)	(-0.9458869099617004, 0.3244008719921112, -0.00787518173456192)	(-6.382135391235352, 1.8359053134918213, 0.004917607177048922)	99.30875033140197	-0.19472303986549377	0	0	0.11568293774554128	0.11568293774554128	6.560538631104731	24	False	0	nan	0.9060193833817363
17.455000691115856	(-20.282184600830078, 98.39875793457031, -27.772891998291016)	(-0.962092399597168, 0.27258482575416565, -0.008705872111022472)	(-6.395118713378906, 1.515438199043274, 0.01037183403968811)	85.67900329828247	-0.1679980456829071	0	0	0.05017665664672388	0.05017665664672388	6.449417255503322	24	False	0	nan	0.91503148805373
17.687750697135925	(-21.76892852783203, 98.7236328125, -27.77228355407715)	(-0.973338782787323, 0.22917422652244568, -0.009525728411972523)	(-6.415313243865967, 1.2717947959899902, -0.001653425395488739)	69.50140938162805	-0.13627727329730988	0	0	0.05982850478265034	0.05982850478265034	6.60349445793563	24	False	0	nan	0.9334169160744257
17.919750705361366	(-23.253864288330078, 99.00318145751953, -27.771011352539062)	(-0.9803126454353333, 0.19725388288497925, -0.00882331095635891)	(-6.407280921936035, 1.1281741857528687, -0.013322017155587673)	45.40529496971073	-0.08902999013662338	0	0	0.07047366085627282	0.07047366085627282	6.571639538400937	23	False	0	nan	0.9501782298322126
18.153000712394714	(-24.78584861755371, 99.25475311279297, -27.769678115844727)	(-0.9852644205093384, 0.170951709151268, -0.005425957962870598)	(-6.750466823577881, 0.9919570684432983, 0.014955665916204453)	44.31799851357948	-0.08689803630113602	0	0	0.14604873128700646	0.14604873128700646	6.931806604209066	25	False	0	nan	0.9647277507088454
18.384000718593597	(-26.3232479095459, 99.47205352783203, -27.771780014038086)	(-0.9889029264450073, 0.14817476272583008, -0.010739298537373543)	(-6.467552661895752, 0.8502886891365051, -0.009482353925704956)	34.91180844607494	-0.06845452636480331	0	0	0	0	6.4673295765476295	23	False	0	nan	0.9821040301227599
18.61575072258711	(-27.852142333984375, 99.64759826660156, -27.77091407775879)	(-0.9924425482749939, 0.12248530983924866, -0.007421510759741068)	(-6.769257545471191, 0.6716934442520142, 0.003904733806848526)	55.39482213556753	-0.10861729830503464	0	0	0.14180228250891513	0.14180228250891513	7.007009247564916	24	False	0	nan	1.0138856940434848
18.841000732034445	(-29.376136779785156, 99.79226684570312, -27.769344329833984)	(-0.9947221875190735, 0.1023588478565216, -0.0071084266528487206)	(-6.793888568878174, 0.6305669546127319, -0.012315685860812664)	12.705165445804498	-0.024912089109420776	0	0	0.0777793878162043	0.0777793878162043	6.806000289357624	25	False	0	nan	1.0599681274596078
19.063750740140676	(-30.863134384155273, 99.93000793457031, -27.771724700927734)	(-0.9954069256782532, 0.09499432891607285, -0.011875555850565434)	(-6.464753150939941, 0.5675363540649414, -0.015488052740693092)	11.051900759339349	-0.021670393645763397	0	0	0	0	6.562959778659957	23	False	0	nan	1.1000620360454403
19.29425074905157	(-32.38958740234375, 100.07447814941406, -27.768260955810547)	(-0.9954488277435303, 0.09502177685499191, -0.0072482977993786335)	(-6.757051944732666, 0.6483826637268066, 0.010080482810735703)	-6.772868195500438	0.013280133716762066	0	0	0.15342363804846493	0.15342363804846493	6.915978879483614	24	False	0	nan	1.1365605422197853
19.51850075647235	(-33.9078369140625, 100.2370834350586, -27.767871856689453)	(-0.9945681691169739, 0.1038152426481247, -0.007518593687564135)	(-6.783180236816406, 0.7720965147018433, -0.008826270699501038)	-26.882744282483802	0.05271126329898834	0	0	0.07562152272142475	0.07562152272142475	6.88207205228653	25	False	0	nan	1.1596386533184568
19.74150076881051	(-35.392635345458984, 100.41142272949219, -27.77115821838379)	(-0.9934750199317932, 0.11340567469596863, -0.012105243280529976)	(-6.473060131072998, 0.7669621109962463, -0.0002139994758181274)	-7.852800646800504	0.015397648327052593	0	0	0	0	6.620577183113009	23	False	0	nan	1.179621538882277
19.971750777214766	(-36.91510009765625, 100.604248046875, -27.76786994934082)	(-0.9923608303070068, 0.12315408140420914, -0.007282100152224302)	(-6.745360374450684, 0.9036853313446045, 0.01522428821772337)	-23.61553139984641	0.046304963529109955	0	0	0.1514558503525678	0.1514558503525678	6.9268023617289805	25	False	0	nan	1.2068239072365667
20.20200078934431	(-38.44383239746094, 100.83091735839844, -27.7703914642334)	(-0.9898852109909058, 0.141442209482193, -0.011019289493560791)	(-6.425217151641846, 1.039540410041809, -0.005043223965913057)	-36.07500202948807	0.07073529809713364	0	0	0	0	6.665506000777053	23	False	0	nan	1.230261799504258
20.433750797063112	(-39.97073745727539, 101.07400512695312, -27.769140243530273)	(-0.9882124662399292, 0.15293166041374207, -0.006922387517988682)	(-6.768369197845459, 1.0855379104614258, 0.015010545961558819)	-2.212415607646494	0.004338069818913937	0	0	0.15358118115024622	0.15358118115024622	6.891554092159559	25	False	0	nan	1.2140214823958715
20.66700080409646	(-41.530982971191406, 101.30194091796875, -27.772266387939453)	(-0.9891843795776367, 0.14624415338039398, -0.01126536913216114)	(-6.518379211425781, 0.9032188057899475, -0.004984473343938589)	23.65204934030763	-0.04637656733393669	0	0	0	0	6.572576541559191	24	False	0	nan	1.1579408267568567
20.892750814557076	(-42.991458892822266, 101.48375701904297, -27.771404266357422)	(-0.9915035367012024, 0.1296583116054535, -0.010467594489455223)	(-6.557017803192139, 0.7350615859031677, 0.01459776982665062)	36.935602650046214	-0.07242275029420853	0	0	0.0731549452398228	0.0731549452398228	6.649023111247198	24	False	0	nan	1.0941507855407617
21.124000821262598	(-44.515296936035156, 101.65669250488281, -27.769710540771484)	(-0.9930230379104614, 0.11761379987001419, -0.008499374613165855)	(-6.574002742767334, 0.7534981369972229, -0.004053066484630108)	7.4161176290362905	-0.014541407115757465	0	0	0.07818854747909387	0.07818854747909387	6.675676474745669	24	False	0	nan	1.0102139723314358
21.3557508289814	(-46.04066848754883, 101.81438446044922, -27.771448135375977)	(-0.9943262338638306, 0.10604576021432877, -0.008343551307916641)	(-6.632061004638672, 0.5887464880943298, -0.00706379022449255)	40.814525708556026	-0.0800284817814827	0	0	0.07199544210375097	0.07199544210375097	6.684932716927346	24	False	0	nan	0.9175789029156096
21.580750837922096	(-47.52611541748047, 101.91570281982422, -27.77229881286621)	(-0.9969061613082886, 0.0780581682920456, -0.009222997352480888)	(-6.606807708740234, 0.2902539372444153, -0.0010245922021567822)	64.22765716910357	-0.1259365826845169	0	0	0.06253997714174586	0.06253997714174586	6.7412449509541545	24	False	0	nan	0.8662607559354749
21.81150084733963	(-49.05708312988281, 101.96492004394531, -27.771312713623047)	(-0.9989728927612305, 0.044371094554662704, -0.009185545146465302)	(-6.611362934112549, 0.1138034462928772, 0.0006065061315894127)	53.80152203142651	-0.10549318045377731	0	0	0.06727118887774686	0.06727118887774686	6.599025488506953	24	False	0	nan	0.8647831451020105
22.042750850319862	(-50.58931350708008, 101.97795104980469, -27.770795822143555)	(-0.9998060464859009, 0.01775434985756874, -0.008523928932845592)	(-6.630825042724609, -0.010536890476942062, -0.013110557571053505)	38.59633773565294	-0.07567909359931946	0	0	0.07267267479198547	0.07267267479198547	6.691159696710459	24	False	0	nan	0.9060665279084714
22.275250855833292	(-52.130741119384766, 101.9856185913086, -27.768688201904297)	(-0.9999272227287292, 0.00889384001493454, -0.008149318397045135)	(-6.614734172821045, 0.0957857221364975, -0.0013885051012039185)	-11.583235748112125	0.02271222695708275	0	0	0.07788415474665	0.07788415474665	6.757503934038448	24	False	0	nan	0.9706751438596826
22.50800086185336	(-53.672508239746094, 102.02387237548828, -27.7681884765625)	(-0.9997410178184509, 0.021145036444067955, -0.008416811004281044)	(-6.625370979309082, 0.2739216387271881, 0.005243040155619383)	-33.1967818737032	0.06509172916412354	0	0	0.07416306679442441	0.07416306679442441	6.703150248679833	24	False	0	nan	1.0394016459090032
22.74100086838007	(-55.20485305786133, 102.11190795898438, -27.767417907714844)	(-0.9987685084342957, 0.048730578273534775, -0.009321125224232674)	(-6.5177812576293945, 0.5364086031913757, 0.03325880691409111)	-72.47772887349139	0.14211319386959076	0	0	0.05820384012818414	0.05820384012818414	6.587924853470427	24	False	0	nan	1.105521658956631
22.966000877320766	(-56.649906158447266, 102.27169036865234, -27.767635345458984)	(-0.9955345988273621, 0.09384576231241226, -0.010190594010055065)	(-6.373013019561768, 0.8631623983383179, 0.02732820063829422)	-87.41505414247499	0.17140206694602966	0	0	0.04902133144662879	0.04902133144662879	6.413411834023535	23	False	0	nan	1.1492715893547267
23.189000889658928	(-58.07356643676758, 102.51313781738281, -27.76602554321289)	(-0.9891577959060669, 0.14665506780147552, -0.007684614975005388)	(-6.460666179656982, 1.2804591655731201, 0.020876921713352203)	-100.9157373011111	0.19787399470806122	0	0	0.11444588221827412	0.11444588221827412	6.762393626117548	24	False	0	nan	1.1813662928051354
23.410500898957253	(-59.47773361206055, 102.84573364257812, -27.767457962036133)	(-0.9780817627906799, 0.20795689523220062, -0.0104818819090724)	(-6.133749485015869, 1.6769973039627075, 0.005846899934113026)	-115.06076708434342	0.22560934722423553	0	0	0.02750042244505435	0.02750042244505435	6.651703932365342	23	False	0	nan	1.2235695952292138
23.632500905543566	(-60.82724380493164, 103.27641296386719, -27.765893936157227)	(-0.960847020149231, 0.276902437210083, -0.009899952448904514)	(-6.000539302825928, 2.214359760284424, 0.005418964195996523)	-140.3161802887914	0.2751297652721405	0	0	0.07790361226129683	0.07790361226129683	6.585030276477724	23	False	0	nan	1.2776960347994628
23.86300091445446	(-62.20406723022461, 103.84400939941406, -27.766176223754883)	(-0.9353326559066772, 0.35366731882095337, -0.00849361252039671)	(-5.864545822143555, 2.670799970626831, 0.001647216733545065)	-131.2737143039705	0.25739943981170654	0	0	0.08734552838461962	0.08734552838461962	6.555740223540273	23	False	0	nan	1.3597554147428481
24.09600092098117	(-63.55694580078125, 104.52959442138672, -27.765827178955078)	(-0.9040732979774475, 0.4273034930229187, -0.007951953448355198)	(-5.7280778884887695, 3.198509693145752, 0.0002527966280467808)	-130.16970634460475	0.2552347183227539	0	0	0.08845523856270443	0.08845523856270443	6.894405143317563	24	False	0	nan	1.4836377298209822
24.32775092497468	(-64.83893585205078, 105.30552673339844, -27.768199920654297)	(-0.869019627571106, 0.4946521520614624, -0.011141392402350903)	(-5.288980484008789, 3.491400718688965, 0.011324063874781132)	-120.30017673969242	0.2358826994895935	0	0	0.02275935208150215	0.02275935208150215	6.587172525099343	23	False	0	nan	1.576901231984849
24.55950093269348	(-66.05512237548828, 106.15637969970703, -27.766592025756836)	(-0.8337650299072266, 0.5520569682121277, -0.008303805254399776)	(-5.194125652313232, 3.893160581588745, 0.038916442543268204)	-109.15885537862778	0.2140369713306427	0	0	0.1077881749036056	0.1077881749036056	6.643826193471281	23	False	0	nan	1.6448431180076328
24.790500942617655	(-67.26042175292969, 107.10001373291016, -27.7662410736084)	(-0.7999312877655029, 0.6000617742538452, -0.005967998877167702)	(-5.215110778808594, 4.324242115020752, 0.006861746311187744)	-86.77478849887834	0.170146644115448	0	0	0.12465011949625104	0.12465011949625104	7.037723985498083	24	False	0	nan	1.7028064454220622
25.015250951051712	(-68.39815521240234, 108.09135437011719, -27.767274856567383)	(-0.7658785581588745, 0.6429212689399719, -0.009068967774510384)	(-4.861664772033691, 4.494522571563721, -0.030818311497569084)	-92.19359412785897	0.18077175319194794	0	0	0.045721573247909486	0.045721573247909486	6.897564526887718	24	False	0	nan	1.7523634923077944
25.246500957757235	(-69.49435424804688, 109.16250610351562, -27.767688751220703)	(-0.7280248999595642, 0.6854698061943054, -0.010529635474085808)	(-4.561214447021484, 4.70359992980957, -0.0028602899983525276)	-92.67189726233474	0.18170960247516632	0	0	0.045381620368317055	0.045381620368317055	6.541417148577009	24	False	0	nan	1.7768064271631487
25.479000963270664	(-70.51971435546875, 110.27332305908203, -27.768264770507812)	(-0.6912648677825928, 0.7225247025489807, -0.010538657195866108)	(-4.270964622497559, 4.840610504150391, 0.004107937216758728)	-81.95881292223949	0.16070355474948883	0	0	0.05257436749087807	0.05257436749087807	6.616225364550019	23	False	0	nan	1.7818909630417537
25.70475097373128	(-71.4598159790039, 111.40442657470703, -27.766136169433594)	(-0.6536425352096558, 0.7567641139030457, -0.00772460363805294)	(-4.101459980010986, 5.21513557434082, -0.011365057900547981)	-94.47221025824525	0.18523962795734406	0	0	0.11928628023422472	0.11928628023422472	6.86893065660319	24	False	0	nan	1.7663124948220446
25.93675098195672	(-72.3673095703125, 112.64205932617188, -27.7675724029541)	(-0.6069340109825134, 0.7946914434432983, -0.009822791442275047)	(-3.660896062850952, 5.358704566955566, -0.016360776498913765)	-101.4334899187088	0.19888919591903687	0	0	0.038843087746678995	0.038843087746678995	6.576560987968627	23	False	0	nan	1.7159206208299147
26.168250989168882	(-73.20713806152344, 113.92438507080078, -27.766773223876953)	(-0.5632450580596924, 0.8262596726417542, -0.007061248179525137)	(-3.5813093185424805, 5.731481552124023, -0.015182971954345703)	-79.07400012020761	0.15504705905914307	0	0	0.12956040947711056	0.12956040947711056	6.926701947435951	24	False	0	nan	1.6462383870204214
26.40175099670887	(-73.99586486816406, 115.28165435791016, -27.767105102539062)	(-0.516466498374939, 0.8562488555908203, -0.010014715604484081)	(-3.125020742416382, 5.782772541046143, -0.023258859291672707)	-99.80726838111917	0.1957005262374878	0	0	0.04010130403037038	0.04010130403037038	6.807015588056075	24	False	0	nan	1.56186641529885
26.626751005649567	(-74.63758850097656, 116.586669921875, -27.76767921447754)	(-0.46111437678337097, 0.8872553110122681, -0.012312310747802258)	(-2.600311040878296, 5.803144931793213, 0.026818647980690002)	-117.76509717106853	0.2309119552373886	0	0	0.025079668928446264	0.025079668928446264	6.61125444577487	23	False	0	nan	1.4522960136700855
26.850501015782356	(-75.20001983642578, 117.92182159423828, -27.767234802246094)	(-0.4090644121170044, 0.9124722480773926, -0.007789657451212406)	(-2.4610559940338135, 6.151127338409424, 0.00868538673967123)	-83.4386815130714	0.16360525786876678	0	0	0.12683331959769428	0.12683331959769428	6.815299940692388	24	False	0	nan	1.3278260988718686
27.08150102198124	(-75.73431396484375, 119.3650131225586, -27.767663955688477)	(-0.362771213054657, 0.9318371415138245, -0.008743585087358952)	(-2.128772258758545, 6.224078178405762, 0.004837031476199627)	-81.1724147200585	0.15916159749031067	0	0	0.05306758588433236	0.05306758588433236	6.660728856855498	24	False	0	nan	1.2107851384093884
27.305751029402018	(-76.18313598632812, 120.75303649902344, -27.76824378967285)	(-0.32263126969337463, 0.9464753866195679, -0.009659474715590477)	(-1.893229365348816, 6.278564929962158, 0.01927025243639946)	-68.34391549231486	0.13400767743587494	0	0	0.06044194238824252	0.06044194238824252	6.601954997999221	24	False	0	nan	1.1311822227584298
27.52850104123354	(-76.57721710205078, 122.15174865722656, -27.76797866821289)	(-0.2852891981601715, 0.958392322063446, -0.009709356352686882)	(-1.6328301429748535, 6.285894393920898, 0.008153876289725304)	-68.87666970491422	0.13505229353904724	0	0	0.060160878009843044	0.060160878009843044	6.568380745166192	23	False	0	nan	1.1257701296183193
27.759001050144434	(-76.9139633178711, 123.62984466552734, -27.765655517578125)	(-0.23783142864704132, 0.9712731838226318, -0.008036483079195023)	(-1.2165011167526245, 6.479764461517334, 0.019167790189385414)	-110.13035421244409	0.22080443799495697	0	0	0.10484540016173116	0.10484540016173116	6.849701635991457	24	False	0	nan	1.2530341415139628
27.99250105768442	(-77.1274185180664, 125.12713623046875, -27.767677307128906)	(-0.16512422263622284, 0.9861950278282166, -0.0123754208907485)	(-0.5926518440246582, 6.250521183013916, -0.016058139503002167)	-136.53419762849845	0.26771411299705505	0	0	0.006729153702200064	0.006729153702200064	6.544570363269134	23	False	0	nan	1.4710404383805815
28.218501064926386	(-77.20063018798828, 126.52798461914062, -27.766658782958984)	(-0.08532020449638367, 0.996293306350708, -0.010963606648147106)	(-0.07156305760145187, 6.2800703048706055, 0.009751025587320328)	-144.83614414930364	0.2839924395084381	0	0	0.07294829430204608	0.07294829430204608	6.428809862011873	23	False	0	nan	1.6718493319734806
28.450251072645187	(-77.164306640625, 127.99718475341797, -27.766708374023438)	(-0.00628722133114934, 0.9999465942382812, -0.008194677531719208)	(0.36490610241889954, 6.375614643096924, 0.0049612619914114475)	-126.85097202658683	0.24872739613056183	0	0	0.09173468241411054	0.09173468241411054	6.510158388333593	23	False	0	nan	1.8657549189848954
28.679001085460186	(-77.01766967773438, 129.44773864746094, -27.76594352722168)	(0.07101457566022873, 0.9974431991577148, -0.008001425303518772)	(0.9027913808822632, 6.3849778175354, -0.0193948857486248)	-136.13248318426486	0.26692643761634827	0	0	0.0823502769014457	0.0823502769014457	6.578889672944164	23	False	0	nan	1.9753379535155322
28.89700109511614	(-76.76747131347656, 130.8230743408203, -27.76604461669922)	(0.14715661108493805, 0.9890801310539246, -0.008098490536212921)	(1.4112035036087036, 6.304287910461426, -0.011424852535128593)	-136.0335516929629	0.26673245429992676	0	0	0.08245379782313744	0.08245379782313744	6.752155490461992	23	False	0	nan	1.8904794406148104
29.121001105755568	(-76.40271759033203, 132.25375366210938, -27.766115188598633)	(0.22001810371875763, 0.9754696488380432, -0.007141460664570332)	(1.8327124118804932, 6.344382286071777, -0.0014017929788678885)	-117.59862810373325	0.23058554530143738	0	0	0.10043030629803873	0.10043030629803873	6.862061058957208	24	False	0	nan	1.8735043823905264
29.3517511151731	(-75.9449462890625, 133.7195587158203, -27.768217086791992)	(0.27828577160835266, 0.9604606032371521, -0.008497670292854309)	(2.093937397003174, 6.256197452545166, 0.010149016045033932)	-80.54756864905376	0.15793640911579132	0	0	0.05345609067560941	0.05345609067560941	6.627385311106339	24	False	0	nan	1.9211829895431698
29.58550112321973	(-75.43647766113281, 135.1735076904297, -27.768312454223633)	(0.3170469105243683, 0.9483667016029358, -0.009050833061337471)	(2.2742927074432373, 6.208795547485352, -0.005841897800564766)	-54.63392056527004	0.10712533444166183	0	0	0.06692416272076218	0.06692416272076218	6.748470546610868	24	False	0	nan	1.980163287363569
29.811501130461693	(-74.8990249633789, 136.54879760742188, -27.76766014099121)	(0.35191458463668823, 0.935981273651123, -0.009757998399436474)	(2.509706974029541, 6.027256488800049, -0.0139412060379982)	-76.7715972661969	0.1505325436592102	0	0	0.055739953299488	0.055739953299488	6.577183712968644	24	False	0	nan	1.8198842832252868
30.0415011420846	(-74.30909729003906, 137.9333038330078, -27.76941680908203)	(0.3812694549560547, 0.924423098564148, -0.00868573784828186)	(2.605262279510498, 6.058013916015625, -0.0019943900406360626)	-27.90193319320689	0.054709672927856445	0	0	0.075406851688127	0.075406851688127	6.697610105544009	24	False	0	nan	1.5856382018076658
30.272251155227423	(-73.7232437133789, 139.34310913085938, -27.77166748046875)	(0.38260215520858765, 0.9238690733909607, -0.009024914354085922)	(2.453643798828125, 6.168776512145996, 0.009133283980190754)	39.57102694819582	-0.09796934883047942	0	0	0.06730973475234214	0.06730973475234214	6.589671697082133	24	False	0	nan	1.3215908677233574
30.50525116175413	(-73.2099838256836, 140.77894592285156, -27.77521514892578)	(0.34770438075065613, 0.9375227689743042, -0.01235655415803194)	(1.936316728591919, 6.113099575042725, -0.02166549488902092)	104.07826152872674	-0.2256554823535552	0	0	0.015184001711983752	0.015184001711983752	6.278113213001284	23	False	0	nan	1.0796556290562984
30.73850116878748	(-72.82910919189453, 142.2179412841797, -27.77577781677246)	(0.2799728512763977, 0.9599460959434509, -0.01090211234986782)	(1.3563251495361328, 6.327413558959961, -0.0018644058145582676)	147.72617787122718	-0.28965917229652405	0	0	0.06969756390449255	0.06969756390449255	6.265976641577421	23	False	0	nan	0.901259048858496
30.971751175820827	(-72.60421752929688, 143.6656036376953, -27.77898406982422)	(0.18866221606731415, 0.9819408655166626, -0.014096453785896301)	(0.529767632484436, 6.049429893493652, 0.0026468909345567226)	192.42715691232317	-0.39240965247154236	0	0	0	0	6.149460692864954	22	False	0	nan	0.7992930300620018
31.206001184880733	(-72.57213592529297, 145.06614685058594, -27.778564453125)	(0.07449110597372055, 0.9971327185630798, -0.013321286998689175)	(-0.26778560876846313, 5.935304641723633, 0.027111796662211418)	220.33874630928025	-0.43203675746917725	0	0	0.03894424019551934	0.03894424019551934	5.756188433101938	21	False	0	nan	0.8006451146788649
31.43950119242072	(-72.68305969238281, 146.49978637695312, -27.77251625061035)	(-0.029320670291781425, 0.9995610117912292, -0.00425222422927618)	(-0.7041486501693726, 6.432328224182129, -0.004622235894203186)	148.21442127227763	-0.290616512298584	0	0	0.2099420427794071	0.2099420427794071	6.603695947173819	23	False	0	nan	0.8569376212088278
31.665001202374697	(-72.86687469482422, 147.9744415283203, -27.76990509033203)	(-0.09521225839853287, 0.995453953742981, -0.0024815513752400875)	(-0.8740781545639038, 6.6777424812316895, 0.003419256769120693)	67.25101814852766	-0.1318647414445877	0	0	0.136211689963752	0.136211689963752	6.848288201333869	24	False	0	nan	0.9087654761153534
31.89625120908022	(-73.08203125, 149.53170776367188, -27.769723892211914)	(-0.1253737509250641, 0.992091715335846, -0.005962376017123461)	(-0.9413072466850281, 6.666920185089111, -0.02695508487522602)	30.91123111546033	-0.06061025708913803	0	0	0.07472639673558867	0.07472639673558867	6.728385924760026	24	False	0	nan	0.9232516646014282
32.12925121560693	(-73.32853698730469, 151.08639526367188, -27.771595001220703)	(-0.14954873919487, 0.9887204766273499, -0.008178215473890305)	(-1.1909359693527222, 6.648479461669922, -0.0012160676997154951)	50.08244879543779	-0.09820087999105453	0	0	0.06875658716898259	0.06875658716898259	6.790508189861134	24	False	0	nan	0.9126685010397562
32.35575122758746	(-73.62853240966797, 152.57315063476562, -27.773639678955078)	(-0.18578658998012543, 0.9825371503829956, -0.010201920755207539)	(-1.5148084163665771, 6.483293533325195, -0.005029374733567238)	90.17167574224258	-0.1835685670375824	0	0	0.04470258119576864	0.04470258119576864	6.505057477990248	24	False	0	nan	0.9180316246220102
32.57950123772025	(-73.98648834228516, 154.012451171875, -27.771286010742188)	(-0.22618936002254486, 0.9740368127822876, -0.009525015018880367)	(-1.6657092571258545, 6.423517227172852, -0.0106457294896245)	52.857398092746536	-0.10364195704460144	0	0	0.06765834473996502	0.06765834473996502	6.608524742391477	24	False	0	nan	0.9495376375825226
32.810251247137785	(-74.37206268310547, 155.50030517578125, -27.769397735595703)	(-0.24393922090530396, 0.9697544574737549, -0.008369685150682926)	(-1.6686217784881592, 6.425398826599121, 0.014023850671947002)	5.858888989314518	-0.011488017626106739	0	0	0.0782680254510223	0.0782680254510223	6.65155566301834	24	False	0	nan	0.9620717433468053
33.03500125557184	(-74.73897552490234, 156.94113159179688, -27.7692813873291)	(-0.24590057134628296, 0.9692603945732117, -0.008195635862648487)	(-1.6057729721069336, 6.479799747467041, 0.011768224649131298)	0.6980021204800061	-0.0013686316087841988	0	0	0.07839812684751946	0.07839812684751946	6.72129020181651	24	False	0	nan	0.936982222289712
33.266001261770725	(-75.13727569580078, 158.4419403076172, -27.771181106567383)	(-0.2540243864059448, 0.9671571254730225, -0.008873246610164642)	(-1.792212724685669, 6.45782995223999, -0.012722432613372803)	42.351801348080215	-0.08878947049379349	0	0	0.07051642992943186	0.07051642992943186	6.694273200906638	24	False	0	nan	0.9024149124670391
33.498001266270876	(-75.58853149414062, 159.93350219726562, -27.771467208862305)	(-0.2809023857116699, 0.9596924781799316, -0.009173011407256126)	(-2.0378451347351074, 6.389540195465088, 0.00022570579312741756)	51.79511949419977	-0.10155905783176422	0	0	0.0680857577723244	0.0680857577723244	6.7970137809026285	24	False	0	nan	0.9031992548202572
33.730251275002956	(-76.06632232666016, 161.41558837890625, -27.769638061523438)	(-0.2997478246688843, 0.953981876373291, -0.008339635096490383)	(-2.074108362197876, 6.399343013763428, -0.0023789540864527225)	14.486882239580023	-0.028405651450157166	0	0	0.07759311896569221	0.07759311896569221	6.778122254713339	24	False	0	nan	0.9200295906555007
33.954501282423735	(-76.52281188964844, 162.846435546875, -27.769256591796875)	(-0.30255815386772156, 0.9530965089797974, -0.00808880664408207)	(-2.02484393119812, 6.420954704284668, -0.010272270068526268)	-2.3337174486031733	0.004575916565954685	0	0	0.0783790609875814	0.0783790609875814	6.856454479502755	24	False	0	nan	0.9258552083507503
34.18350129574537	(-76.99441528320312, 164.3202667236328, -27.769681930541992)	(-0.30427291989326477, 0.9525517821311951, -0.00793652143329382)	(-2.0876197814941406, 6.444831371307373, -0.001377432025037706)	7.1539658959956265	-0.014027384109795094	0	0	0.07820323249503625	0.07820323249503625	6.895348388855411	24	False	0	nan	0.932984334921952
34.40925130620599	(-77.47523498535156, 165.77984619140625, -27.769853591918945)	(-0.3108033239841461, 0.950440526008606, -0.008002132177352905)	(-2.182966947555542, 6.473363876342773, -0.00476160179823637)	15.22813126444805	-0.029859080910682678	0	0	0.07750843528716933	0.07750843528716933	6.909828897157035	25	False	0	nan	0.9588815211827677
34.62675131857395	(-77.94727325439453, 167.1499786376953, -27.772172927856445)	(-0.32172563672065735, 0.9467584490776062, -0.011873370036482811)	(-2.196772575378418, 6.142903804779053, -0.006287406198680401)	25.39100322872382	-0.0497862808406353	0	0	0	0	6.589910427852703	23	False	0	nan	1.0154061590597556
